2022-03-17 21:04:14 DateTime	Entry	Power	Temperature_outside	Humidity_outside	Temperature_inside	Humidity_inside	CorrectReadingsIn	CorrectReadingsOut
2022-03-17 21:04:51 	1	9.88	70.06	14.78	70.38	9	9
2022-03-17 21:05:21 	2	9.84	69.99	14.8	70.1	9	9
2022-03-17 21:06:06 	3	9.78	70.18	14.8	70.01	9	9
2022-03-17 21:06:38 	4	9.79	70.3	14.8	70.28	9	9
2022-03-17 21:07:07 	5	9.71	70.38	14.8	70.33	9	9
2022-03-17 21:07:42 	6	9.7	70.61	14.8	70.29	9	9
2022-03-17 21:08:17 	7	9.7	70.74	14.8	70.28	9	9
2022-03-17 21:08:51 	8	9.8	70.7	14.8	70.47	9	9
2022-03-17 21:09:23 	9	9.87	70.57	14.8	70.5	9	9
2022-03-17 21:09:56 	10	9.9	70.16	14.8	70.39	9	9
2022-03-17 21:10:30 	11	9.9	69.89	14.8	70.28	9	9
2022-03-17 21:11:07 	12	9.9	69.97	14.8	70.41	9	9
2022-03-17 21:11:45 	13	9.9	69.79	14.8	70.4	9	9
2022-03-17 21:12:14 	14	9.9	69.62	14.8	70.26	9	9
2022-03-17 21:12:46 	15	9.9	69.7	14.8	70.23	9	9
2022-03-17 21:13:26 	16	9.9	69.77	14.8	70.32	9	9
2022-03-17 21:14:01 	17	9.81	70.0	14.8	70.42	9	9
2022-03-17 21:14:40 	18	9.83	70.06	14.79	70.56	9	9
2022-03-17 21:15:30 	19	9.9	70.13	14.79	70.49	9	9
2022-03-17 21:16:05 	20	9.84	70.02	14.8	70.49	9	9
2022-03-17 21:16:39 	21	9.8	70.08	14.79	70.53	9	9
2022-03-17 21:17:14 	22	9.9	70.22	14.8	70.39	9	9
2022-03-17 21:17:46 	23	9.9	70.18	14.79	70.34	9	9
2022-03-17 21:18:16 	24	9.9	70.26	14.8	70.62	9	9
2022-03-17 21:18:58 	25	9.9	70.41	14.8	70.7	9	9
2022-03-17 21:19:35 	26	9.9	70.6	14.78	70.5	9	9
2022-03-17 21:20:05 	27	9.9	70.34	14.8	70.3	9	9
2022-03-17 21:20:39 	28	9.86	69.9	14.78	70.53	9	9
2022-03-17 21:21:24 	29	9.76	70.04	14.73	70.38	9	9
2022-03-17 21:21:56 	30	9.69	70.4	14.73	70.23	9	9
2022-03-17 21:22:28 	31	9.57	70.71	14.77	70.26	9	9
2022-03-17 21:23:08 	32	9.53	70.97	14.76	70.47	9	9
2022-03-17 21:23:43 	33	9.51	71.01	14.71	70.49	9	9
2022-03-17 21:24:18 	34	9.54	71.1	14.72	70.3	9	9
2022-03-17 21:24:52 	35	9.6	71.14	14.7	70.3	9	9
2022-03-17 21:25:32 	36	9.61	71.17	14.72	70.59	9	9
2022-03-17 21:26:09 	37	9.6	70.79	14.71	70.5	9	9
2022-03-17 21:26:46 	38	9.59	70.91	14.73	70.41	9	9
2022-03-17 21:27:21 	39	9.62	70.9	14.73	70.46	9	9
2022-03-17 21:27:56 	40	9.69	70.76	14.72	70.59	9	9
2022-03-17 21:28:35 	41	9.69	70.79	14.72	70.49	9	9
2022-03-17 21:29:05 	42	9.68	70.58	14.71	70.38	9	9
2022-03-17 21:29:47 	43	9.7	70.66	14.74	70.51	9	9
2022-03-17 21:30:22 	44	9.7	70.66	14.7	70.69	9	9
2022-03-17 21:30:56 	45	9.8	70.49	14.7	70.56	9	9
2022-03-17 21:31:26 	46	9.8	70.26	14.71	70.52	9	9
2022-03-17 21:32:06 	47	9.79	70.29	14.7	70.61	9	9
2022-03-17 21:32:38 	48	9.68	70.51	14.7	70.69	9	9
2022-03-17 21:33:12 	49	9.59	70.77	14.7	70.44	9	9
2022-03-17 21:33:57 	50	9.53	70.91	14.7	70.37	9	9
2022-03-17 21:34:39 	51	9.6	71.04	14.7	70.63	9	9
2022-03-17 21:35:14 	52	9.63	70.88	14.7	70.66	9	9
2022-03-17 21:35:46 	53	9.68	70.74	14.7	70.49	9	9
2022-03-17 21:36:21 	54	9.62	70.72	14.7	70.43	9	9
2022-03-17 21:36:53 	55	9.6	70.8	14.7	70.69	9	9
2022-03-17 21:37:25 	56	9.6	70.9	14.7	70.66	9	9
2022-03-17 21:37:55 	57	9.6	70.82	14.7	70.54	9	9
2022-03-17 21:38:34 	58	9.62	70.88	14.7	70.49	9	9
2022-03-17 21:39:14 	59	9.68	70.8	14.7	70.68	9	9
2022-03-17 21:39:46 	60	9.7	70.62	14.7	70.67	9	9
2022-03-17 21:40:21 	61	9.7	70.66	14.7	70.33	9	9
2022-03-17 21:40:53 	62	9.7	70.7	14.7	70.34	9	9
2022-03-17 21:41:23 	63	9.7	70.81	14.7	70.49	9	9
2022-03-17 21:41:57 	64	9.7	70.68	14.7	70.67	9	9
2022-03-17 21:42:37 	65	9.76	70.69	14.7	70.64	9	9
2022-03-17 21:43:17 	66	9.82	70.69	14.7	70.61	9	9
2022-03-17 21:43:56 	67	9.82	70.42	14.7	70.68	9	9
2022-03-17 21:44:26 	68	9.82	70.13	14.7	70.7	9	9
2022-03-17 21:45:08 	69	9.79	70.21	14.7	70.61	9	9
2022-03-17 21:45:48 	70	9.8	70.28	14.71	70.46	9	9
2022-03-17 21:46:25 	71	9.77	70.07	14.71	70.63	9	9
2022-03-17 21:47:02 	72	9.61	70.29	14.76	70.43	9	9
2022-03-17 21:47:34 	73	9.5	70.58	14.73	70.22	9	9
2022-03-17 21:48:06 	74	9.43	70.98	14.72	70.22	9	9
2022-03-17 21:48:39 	75	9.4	71.21	14.71	70.39	9	9
2022-03-17 21:49:16 	76	9.4	71.31	14.71	70.51	9	9
2022-03-17 21:49:48 	77	9.4	71.4	14.71	70.27	9	9
2022-03-17 21:50:17 	78	9.4	71.4	14.71	70.22	9	9
2022-03-17 21:50:50 	79	9.4	71.4	14.7	70.4	9	9
2022-03-17 21:51:27 	80	9.36	71.39	14.7	70.48	9	9
2022-03-17 21:51:59 	81	9.29	71.71	14.7	70.31	9	9
2022-03-17 21:52:39 	82	9.22	72.0	14.71	70.3	9	9
2022-03-17 21:53:16 	83	9.2	72.0	14.7	70.33	9	9
2022-03-17 21:53:50 	84	9.2	72.18	14.7	70.47	9	9
2022-03-17 21:54:33 	85	9.2	72.29	14.7	70.19	9	9
2022-03-17 21:55:12 	86	9.18	72.19	14.7	70.24	9	9
2022-03-17 21:55:47 	87	9.18	72.1	14.7	70.43	9	9
2022-03-17 21:56:29 	88	9.19	72.1	14.7	70.49	9	9
2022-03-17 21:56:59 	89	9.24	72.0	14.7	70.23	9	9
2022-03-17 21:57:36 	90	9.32	71.93	14.7	70.32	9	9
2022-03-17 21:58:16 	91	9.39	71.89	14.7	70.53	9	9
2022-03-17 21:59:06 	92	9.4	71.49	14.69	70.47	9	9
2022-03-17 21:59:38 	93	9.4	71.42	14.7	70.34	9	9
2022-03-17 22:00:07 	94	9.4	71.33	14.7	70.54	9	9
2022-03-17 22:00:44 	95	9.43	71.09	14.7	70.56	9	9
2022-03-17 22:01:17 	96	9.4	70.94	14.7	70.34	9	9
2022-03-17 22:01:49 	97	9.43	71.14	14.7	70.38	9	9
2022-03-17 22:02:31 	98	9.5	71.0	14.69	70.47	9	9
2022-03-17 22:03:03 	99	9.5	70.89	14.7	70.64	9	9
2022-03-17 22:03:35 	100	9.51	70.74	14.7	70.46	9	9
2022-03-17 22:04:10 	101	9.5	70.74	14.69	70.54	9	9
2022-03-17 22:04:42 	102	9.5	70.82	14.7	70.57	9	9
2022-03-17 22:05:14 	103	9.5	70.88	14.7	70.66	9	9
2022-03-17 22:05:46 	104	9.5	70.72	14.68	70.53	9	9
2022-03-17 22:06:16 	105	9.5	70.71	14.69	70.39	9	9
2022-03-17 22:06:48 	106	9.59	70.69	14.69	70.46	9	9
2022-03-17 22:07:23 	107	9.61	70.56	14.69	70.5	9	9
2022-03-17 22:08:02 	108	9.6	70.29	14.7	70.42	9	9
2022-03-17 22:08:37 	109	9.5	70.3	14.66	70.3	9	9
2022-03-17 22:09:14 	110	9.5	70.56	14.69	70.56	9	9
2022-03-17 22:09:46 	111	9.51	70.93	14.67	70.76	9	9
2022-03-17 22:10:18 	112	9.57	70.4	14.7	70.63	9	9
2022-03-17 22:10:56 	113	9.51	70.27	14.68	70.42	9	9
2022-03-17 22:11:33 	114	9.52	70.56	14.63	70.39	9	9
2022-03-17 22:12:15 	115	9.48	70.53	14.69	70.57	9	9
2022-03-17 22:12:57 	116	9.4	70.52	14.68	70.34	9	9
2022-03-17 22:13:37 	117	9.4	70.67	14.66	70.22	9	9
2022-03-17 22:14:06 	118	9.4	70.56	14.68	70.48	9	9
2022-03-17 22:14:41 	119	9.4	70.5	14.66	70.44	9	9
2022-03-17 22:15:28 	120	9.4	70.63	14.63	70.21	9	9
2022-03-17 22:16:08 	121	9.4	70.7	14.62	70.28	9	9
2022-03-17 22:16:40 	122	9.4	70.8	14.62	70.5	9	9
2022-03-17 22:17:12 	123	9.4	70.68	14.67	70.46	9	9
2022-03-17 22:17:42 	124	9.4	70.51	14.64	70.13	9	9
2022-03-17 22:18:19 	125	9.38	70.66	14.68	70.23	9	9
2022-03-17 22:18:56 	126	9.3	70.92	14.67	70.36	9	9
2022-03-17 22:19:28 	127	9.29	71.19	14.67	70.37	9	9
2022-03-17 22:19:58 	128	9.3	71.32	14.67	70.14	9	9
2022-03-17 22:20:35 	129	9.32	71.02	14.68	70.13	9	9
2022-03-17 22:21:07 	130	9.3	70.89	14.66	70.3	9	9
2022-03-17 22:21:42 	131	9.3	70.98	14.67	70.33	9	9
2022-03-17 22:22:27 	132	9.33	70.94	14.66	70.16	9	9
2022-03-17 22:23:01 	133	9.3	70.8	14.63	70.06	9	9
2022-03-17 22:23:31 	134	9.27	71.01	14.67	70.37	9	9
2022-03-17 22:24:06 	135	9.2	71.3	14.66	70.29	9	9
2022-03-17 22:24:35 	136	9.2	71.54	14.68	70.09	9	9
2022-03-17 22:25:05 	137	9.18	71.42	14.64	69.96	9	9
2022-03-17 22:25:37 	138	9.12	71.88	14.61	70.18	9	9
2022-03-17 22:26:07 	139	9.19	72.19	14.61	70.41	9	9
2022-03-17 22:26:41 	140	9.28	71.98	14.64	70.29	9	9
2022-03-17 22:27:26 	141	9.33	71.67	14.61	70.1	9	9
2022-03-17 22:28:18 	142	9.4	71.29	14.6	70.29	9	9
2022-03-17 22:29:11 	143	9.4	70.89	14.6	70.36	9	9
2022-03-17 22:29:45 	144	9.4	70.87	14.6	70.12	9	9
2022-03-17 22:30:15 	145	9.3	70.92	14.6	70.31	9	9
2022-03-17 22:30:57 	146	9.19	71.33	14.6	70.46	9	9
2022-03-17 22:31:29 	147	9.1	71.83	14.6	70.11	9	9
2022-03-17 22:31:59 	148	9.1	71.97	14.6	69.96	9	9
2022-03-17 22:32:34 	149	9.13	71.82	14.63	70.2	9	9
2022-03-17 22:33:08 	150	9.19	71.54	14.61	70.39	9	9
2022-03-17 22:33:38 	151	9.2	71.61	14.6	70.53	9	9
2022-03-17 22:34:07 	152	9.2	71.61	14.61	70.4	9	9
2022-03-17 22:34:37 	153	9.14	71.12	14.66	70.28	9	9
2022-03-17 22:35:12 	154	9.01	71.18	14.63	70.33	9	9
2022-03-17 22:35:41 	155	9.0	71.34	14.64	70.4	9	9
2022-03-17 22:36:16 	156	9.0	71.52	14.7	70.21	9	9
2022-03-17 22:36:53 	157	9.0	71.52	14.68	69.97	9	9
2022-03-17 22:37:25 	158	8.9	71.66	14.67	70.26	9	9
2022-03-17 22:38:02 	159	8.9	71.79	14.6	70.36	9	9
2022-03-17 22:38:39 	160	8.9	71.82	14.6	69.93	9	9
2022-03-17 22:39:17 	161	8.9	72.04	14.61	70.03	9	9
2022-03-17 22:39:49 	162	8.9	71.91	14.62	70.29	9	9
2022-03-17 22:40:23 	163	8.9	71.79	14.6	70.33	9	9
2022-03-17 22:41:06 	164	8.93	71.63	14.6	70.04	9	9
2022-03-17 22:41:43 	165	9.0	71.56	14.63	70.13	9	9
2022-03-17 22:42:12 	166	9.09	71.62	14.6	70.32	9	9
2022-03-17 22:42:42 	167	9.1	71.3	14.6	70.48	9	9
2022-03-17 22:43:19 	168	9.18	71.32	14.6	70.24	9	9
2022-03-17 22:43:54 	169	9.21	71.48	14.6	70.39	9	9
2022-03-17 22:44:26 	170	9.22	71.41	14.6	70.5	9	9
2022-03-17 22:44:58 	171	9.2	71.42	14.6	70.54	9	9
2022-03-17 22:45:33 	172	9.21	71.19	14.6	70.4	9	9
2022-03-17 22:46:10 	173	9.22	70.72	14.6	70.28	9	9
2022-03-17 22:46:50 	174	9.18	71.06	14.6	70.49	9	9
2022-03-17 22:47:29 	175	9.14	70.83	14.6	70.48	9	9
2022-03-17 22:47:59 	176	9.08	71.07	14.6	70.26	9	9
2022-03-17 22:48:39 	177	9.0	71.09	14.59	70.22	9	9
2022-03-17 22:49:08 	178	8.93	71.4	14.6	70.5	9	9
2022-03-17 22:49:45 	179	8.9	71.58	14.6	70.41	9	9
2022-03-17 22:50:25 	180	8.9	71.69	14.6	70.32	9	9
2022-03-17 22:51:00 	181	8.99	71.38	14.6	70.28	9	9
2022-03-17 22:51:29 	182	8.99	71.09	14.6	70.47	9	9
2022-03-17 22:52:07 	183	8.98	71.14	14.6	70.51	9	9
2022-03-17 22:52:44 	184	9.01	71.1	14.59	70.33	9	9
2022-03-17 22:53:13 	185	9.1	70.96	14.6	70.46	9	9
2022-03-17 22:53:43 	186	9.11	70.88	14.6	70.5	9	9
2022-03-17 22:54:18 	187	9.11	70.63	14.6	70.44	9	9
2022-03-17 22:54:55 	188	9.08	70.78	14.6	70.34	9	9
2022-03-17 22:55:29 	189	9.1	71.0	14.59	70.26	9	9
2022-03-17 22:56:07 	190	9.13	70.7	14.6	70.41	9	9
2022-03-17 22:56:41 	191	9.1	70.53	14.59	70.34	9	9
2022-03-17 22:57:16 	192	8.94	70.91	14.59	70.04	9	9
2022-03-17 22:57:50 	193	8.89	71.2	14.6	70.02	9	9
2022-03-17 22:58:23 	194	8.83	71.57	14.6	70.41	9	9
2022-03-17 22:58:52 	195	8.8	71.6	14.6	70.4	9	9
2022-03-17 22:59:27 	196	8.8	71.71	14.6	70.13	9	9
2022-03-17 23:00:09 	197	8.72	71.9	14.6	69.99	9	9
2022-03-17 23:00:46 	198	8.79	71.93	14.6	70.47	9	9
2022-03-17 23:01:26 	199	8.87	71.99	14.6	70.52	9	9
2022-03-17 23:02:06 	200	8.92	71.23	14.6	70.26	9	9
2022-03-17 23:02:38 	201	8.9	71.16	14.6	70.29	9	9
2022-03-17 23:03:12 	202	8.84	71.46	14.6	70.32	9	9
2022-03-17 23:03:47 	203	8.81	71.6	14.58	70.47	9	9
2022-03-17 23:04:22 	204	8.89	71.5	14.58	70.1	9	9
2022-03-17 23:04:56 	205	8.92	71.23	14.52	70.2	9	9
2022-03-17 23:05:34 	206	8.9	71.01	14.6	70.5	9	9
2022-03-17 23:06:08 	207	8.9	71.21	14.58	70.52	9	9
2022-03-17 23:06:50 	208	8.9	71.3	14.59	70.26	9	9
2022-03-17 23:07:33 	209	8.9	71.08	14.59	70.33	9	9
2022-03-17 23:08:05 	210	8.9	71.11	14.6	70.47	9	9
2022-03-17 23:08:39 	211	8.77	71.3	14.58	70.16	9	9
2022-03-17 23:09:09 	212	8.69	71.53	14.59	70.01	9	9
2022-03-17 23:09:39 	213	8.62	71.88	14.59	70.12	9	9
2022-03-17 23:10:13 	214	8.6	72.24	14.59	70.31	9	9
2022-03-17 23:10:51 	215	8.64	72.1	14.58	70.3	9	9
2022-03-17 23:11:23 	216	8.69	72.01	14.59	70.02	9	9
2022-03-17 23:11:55 	217	8.61	72.14	14.59	70.06	9	9
2022-03-17 23:12:34 	218	8.67	72.03	14.59	70.4	9	9
2022-03-17 23:13:19 	219	8.77	71.91	14.56	70.51	9	9
2022-03-17 23:14:07 	220	8.9	71.46	14.52	70.32	9	9
2022-03-17 23:14:39 	221	8.9	71.12	14.56	70.48	9	9
2022-03-17 23:15:08 	222	8.93	70.9	14.56	70.57	9	9
2022-03-17 23:15:43 	223	8.9	70.8	14.59	70.37	9	9
2022-03-17 23:16:18 	224	8.92	70.77	14.59	70.38	9	9
2022-03-17 23:16:55 	225	8.9	70.87	14.57	70.5	9	9
2022-03-17 23:17:32 	226	9.0	70.97	14.59	70.51	9	9
2022-03-17 23:18:09 	227	9.06	71.01	14.59	70.31	9	9
2022-03-17 23:18:46 	228	9.1	70.96	14.57	70.21	9	9
2022-03-17 23:19:23 	229	9.19	70.76	14.57	70.42	9	9
2022-03-17 23:19:53 	230	9.24	70.53	14.58	70.62	9	9
2022-03-17 23:20:30 	231	9.33	70.19	14.59	70.33	9	9
2022-03-17 23:21:15 	232	9.28	69.64	14.58	70.32	9	9
2022-03-17 23:21:47 	233	9.29	69.78	14.6	70.43	9	9
2022-03-17 23:22:17 	234	9.16	69.57	14.57	70.51	9	9
2022-03-17 23:22:51 	235	8.99	70.03	14.57	70.04	9	9
2022-03-17 23:23:21 	236	8.9	70.41	14.54	70.04	9	9
2022-03-17 23:23:58 	237	8.9	70.6	14.51	70.28	9	9
2022-03-17 23:24:28 	238	8.9	70.54	14.53	70.4	9	9
2022-03-17 23:25:07 	239	8.9	70.52	14.51	70.24	9	9
2022-03-17 23:25:37 	240	8.9	70.62	14.53	70.03	9	9
2022-03-17 23:26:19 	241	8.82	70.73	14.51	70.24	9	9
2022-03-17 23:26:51 	242	8.73	71.14	14.53	70.5	9	9
2022-03-17 23:27:21 	243	8.8	71.2	14.57	70.28	9	9
2022-03-17 23:27:51 	244	8.86	70.98	14.6	70.26	9	9
2022-03-17 23:28:23 	245	8.89	70.89	14.58	70.26	9	9
2022-03-17 23:29:10 	246	8.9	70.6	14.56	70.44	9	9
2022-03-17 23:29:47 	247	8.89	70.6	14.57	70.22	9	9
2022-03-17 23:30:32 	248	8.9	70.62	14.54	70.2	9	9
2022-03-17 23:31:01 	249	8.9	70.5	14.54	70.39	9	9
2022-03-17 23:31:44 	250	8.9	70.6	14.51	70.47	9	9
2022-03-17 23:32:16 	251	8.94	70.61	14.52	70.4	9	9
2022-03-17 23:32:58 	252	9.01	70.42	14.53	70.28	9	9
2022-03-17 23:33:38 	253	9.09	70.08	14.51	70.47	9	9
2022-03-17 23:34:25 	254	9.1	70.12	14.54	70.47	9	9
2022-03-17 23:35:00 	255	9.1	69.94	14.56	70.33	9	9
2022-03-17 23:35:32 	256	9.06	69.81	14.54	70.37	9	9
2022-03-17 23:36:09 	257	9.04	69.9	14.53	70.48	9	9
2022-03-17 23:36:41 	258	8.97	69.81	14.57	70.14	9	9
2022-03-17 23:37:11 	259	8.88	69.94	14.54	70.16	9	9
2022-03-17 23:37:45 	260	8.88	70.44	14.54	70.34	9	9
2022-03-17 23:38:20 	261	8.9	70.69	14.53	70.56	9	9
2022-03-17 23:38:50 	262	8.99	70.33	14.54	70.53	9	9
2022-03-17 23:39:29 	263	8.96	69.84	14.54	70.16	9	9
2022-03-17 23:40:14 	264	8.79	70.34	14.5	70.28	9	9
2022-03-17 23:40:49 	265	8.73	70.71	14.52	70.53	9	9
2022-03-17 23:41:21 	266	8.8	70.71	14.51	70.42	9	9
2022-03-17 23:41:50 	267	8.82	70.92	14.53	70.31	9	9
2022-03-17 23:42:23 	268	8.9	70.96	14.51	70.43	9	9
2022-03-17 23:42:52 	269	8.9	70.66	14.52	70.61	9	9
2022-03-17 23:43:32 	270	8.94	70.48	14.52	70.6	9	9
2022-03-17 23:44:07 	271	9.07	70.33	14.51	70.31	9	9
2022-03-17 23:44:36 	272	9.1	70.18	14.52	70.38	9	9
2022-03-17 23:45:06 	273	9.17	69.91	14.54	70.5	9	9
2022-03-17 23:45:45 	274	9.14	69.59	14.51	70.44	9	9
2022-03-17 23:46:28 	275	9.1	69.5	14.5	70.26	9	9
2022-03-17 23:47:00 	276	9.11	69.56	14.51	70.31	9	9
2022-03-17 23:47:29 	277	9.2	69.48	14.5	70.44	9	9
2022-03-17 23:48:19 	278	9.2	69.43	14.51	70.44	9	9
2022-03-17 23:48:54 	279	9.19	69.21	14.51	70.16	9	9
2022-03-17 23:49:26 	280	9.2	69.19	14.5	70.38	9	9
2022-03-17 23:50:01 	281	9.11	69.26	14.5	70.42	9	9
2022-03-17 23:50:38 	282	9.0	69.47	14.5	70.22	9	9
2022-03-17 23:51:17 	283	8.86	69.97	14.5	69.99	9	9
2022-03-17 23:51:55 	284	8.7	70.57	14.5	70.32	9	9
2022-03-17 23:52:27 	285	8.7	70.76	14.5	70.52	9	9
2022-03-17 23:53:04 	286	8.78	70.64	14.51	70.37	9	9
2022-03-17 23:53:41 	287	8.84	70.73	14.5	70.19	9	9
2022-03-17 23:54:11 	288	8.9	70.36	14.5	70.33	9	9
2022-03-17 23:54:50 	289	8.9	70.12	14.5	70.51	9	9
2022-03-17 23:55:28 	290	8.9	70.22	14.5	70.3	9	9
2022-03-17 23:56:02 	291	8.9	70.23	14.5	70.08	9	9
2022-03-17 23:56:39 	292	8.9	70.31	14.5	70.31	9	9
2022-03-17 23:57:17 	293	8.94	70.31	14.5	70.42	9	9
2022-03-17 23:58:06 	294	9.0	70.22	14.5	70.33	9	9
2022-03-17 23:58:44 	295	8.93	70.21	14.5	70.37	9	9
2022-03-17 23:59:21 	296	8.93	70.54	14.49	70.44	9	9
2022-03-17 23:59:58 	297	9.02	70.46	14.5	70.28	9	9
2022-03-18 00:00:30 	298	9.12	70.26	14.5	70.16	9	9
2022-03-18 00:01:00 	299	9.17	69.52	14.5	70.3	9	9
2022-03-18 00:01:39 	300	9.1	69.36	14.49	70.41	9	9
2022-03-18 00:02:17 	301	9.04	69.38	14.5	70.31	9	9
2022-03-18 00:02:56 	302	9.0	69.62	14.5	70.0	9	9
2022-03-18 00:03:28 	303	9.0	69.54	14.5	70.21	9	9
2022-03-18 00:04:06 	304	8.99	69.58	14.47	70.42	9	9
2022-03-18 00:04:43 	305	8.96	69.64	14.49	70.1	9	9
2022-03-18 00:05:25 	306	8.92	69.7	14.49	70.12	9	9
2022-03-18 00:06:02 	307	8.9	69.69	14.5	70.32	9	9
2022-03-18 00:06:39 	308	8.89	69.7	14.49	70.33	9	9
2022-03-18 00:07:27 	309	8.74	70.12	14.48	69.98	9	9
2022-03-18 00:08:06 	310	8.68	70.67	14.49	70.03	9	9
2022-03-18 00:08:41 	311	8.59	70.94	14.48	70.31	9	9
2022-03-18 00:09:13 	312	8.53	71.1	14.5	70.04	9	9
2022-03-18 00:09:45 	313	8.46	71.38	14.5	69.77	9	9
2022-03-18 00:10:17 	314	8.4	71.57	14.5	70.08	9	9
2022-03-18 00:11:02 	315	8.38	71.7	14.46	70.28	9	9
2022-03-18 00:11:32 	316	8.36	71.93	14.47	70.06	9	9
2022-03-18 00:12:06 	317	8.4	71.97	14.47	69.86	9	9
2022-03-18 00:12:44 	318	8.4	71.87	14.48	70.13	9	9
2022-03-18 00:13:18 	319	8.4	72.11	14.46	70.37	9	9
2022-03-18 00:13:58 	320	8.4	72.12	14.47	70.04	9	9
2022-03-18 00:14:33 	321	8.39	71.93	14.46	69.91	9	9
2022-03-18 00:15:10 	322	8.4	72.16	14.49	70.27	9	9
2022-03-18 00:15:42 	323	8.4	72.4	14.48	70.36	9	9
2022-03-18 00:16:14 	324	8.4	72.1	14.49	70.09	9	9
2022-03-18 00:16:54 	325	8.32	72.11	14.46	69.93	9	9
2022-03-18 00:17:39 	326	8.3	72.29	14.44	70.2	9	9
2022-03-18 00:18:13 	327	8.23	72.52	14.42	70.27	9	9
2022-03-18 00:18:45 	328	8.26	73.01	14.43	69.94	9	9
2022-03-18 00:19:20 	329	8.4	72.51	14.44	69.86	9	9
2022-03-18 00:19:55 	330	8.4	72.02	14.42	70.3	9	9
2022-03-18 00:20:29 	331	8.4	72.07	14.43	70.38	9	9
2022-03-18 00:21:04 	332	8.4	72.14	14.47	70.03	9	9
2022-03-18 00:21:36 	333	8.4	72.02	14.43	69.91	9	9
2022-03-18 00:22:11 	334	8.4	71.98	14.43	70.21	9	9
2022-03-18 00:22:45 	335	8.4	71.97	14.42	70.28	9	9
2022-03-18 00:23:15 	336	8.4	71.9	14.43	69.83	9	9
2022-03-18 00:23:47 	337	8.37	71.96	14.43	69.74	9	9
2022-03-18 00:24:19 	338	8.34	72.29	14.43	70.13	9	9
2022-03-18 00:24:54 	339	8.31	72.36	14.42	70.33	9	9
2022-03-18 00:25:23 	340	8.36	72.49	14.43	70.31	9	9
2022-03-18 00:25:58 	341	8.4	72.54	14.48	70.28	9	9
2022-03-18 00:26:30 	342	8.54	72.39	14.47	70.5	9	9
2022-03-18 00:27:00 	343	8.62	72.01	14.48	70.5	9	9
2022-03-18 00:27:29 	344	8.72	71.69	14.48	70.44	9	9
2022-03-18 00:28:04 	345	8.77	71.07	14.48	70.13	9	9
2022-03-18 00:28:41 	346	8.7	70.89	14.47	69.93	9	9
2022-03-18 00:29:26 	347	8.6	71.19	14.43	70.29	9	9
2022-03-18 00:30:03 	348	8.5	71.69	14.43	70.22	9	9
2022-03-18 00:30:33 	349	8.5	71.81	14.42	69.83	9	9
2022-03-18 00:31:12 	350	8.49	71.92	14.44	69.99	9	9
2022-03-18 00:31:42 	351	8.48	72.01	14.47	70.27	9	9
2022-03-18 00:32:14 	352	8.52	72.08	14.48	70.22	9	9
2022-03-18 00:32:51 	353	8.6	71.77	14.5	69.83	9	9
2022-03-18 00:33:31 	354	8.58	71.52	14.48	69.92	9	9
2022-03-18 00:34:03 	355	8.48	71.72	14.47	70.21	9	9
2022-03-18 00:34:45 	356	8.42	72.04	14.48	70.18	9	9
2022-03-18 00:35:15 	357	8.41	71.82	14.48	69.82	9	9
2022-03-18 00:35:47 	358	8.41	71.8	14.48	69.82	9	9
2022-03-18 00:36:19 	359	8.4	71.81	14.44	70.11	9	9
2022-03-18 00:36:54 	360	8.46	71.86	14.42	70.21	9	9
2022-03-18 00:37:23 	361	8.56	71.77	14.47	69.97	9	9
2022-03-18 00:38:06 	362	8.69	71.49	14.43	69.93	9	9
2022-03-18 00:38:43 	363	8.7	71.39	14.41	70.21	9	9
2022-03-18 00:39:15 	364	8.7	71.13	14.44	70.33	9	9
2022-03-18 00:40:02 	365	8.81	70.9	14.43	70.13	9	9
2022-03-18 00:40:34 	366	8.9	70.78	14.4	70.12	9	9
2022-03-18 00:41:06 	367	8.9	70.51	14.41	70.31	9	9
2022-03-18 00:41:44 	368	8.89	70.53	14.42	70.18	9	9
2022-03-18 00:42:13 	369	8.81	70.57	14.41	69.9	9	9
2022-03-18 00:42:45 	370	8.8	70.83	14.41	69.98	9	9
2022-03-18 00:43:18 	371	8.82	70.8	14.43	70.33	9	9
2022-03-18 00:43:50 	372	8.9	70.9	14.41	70.38	9	9
2022-03-18 00:44:22 	373	8.9	70.71	14.43	70.16	9	9
2022-03-18 00:44:51 	374	8.9	70.49	14.48	70.1	9	9
2022-03-18 00:45:26 	375	8.9	70.13	14.47	70.2	9	9
2022-03-18 00:46:01 	376	8.9	70.31	14.41	70.36	9	9
2022-03-18 00:46:33 	377	8.9	70.51	14.47	70.3	9	9
2022-03-18 00:47:12 	378	8.9	70.72	14.43	70.12	9	9
2022-03-18 00:47:45 	379	8.9	70.42	14.46	70.28	9	9
2022-03-18 00:48:17 	380	8.9	70.36	14.43	70.4	9	9
2022-03-18 00:48:51 	381	8.9	70.2	14.44	70.32	9	9
2022-03-18 00:49:23 	382	8.89	70.2	14.44	70.09	9	9
2022-03-18 00:50:08 	383	8.87	70.32	14.41	70.24	9	9
2022-03-18 00:50:40 	384	8.84	70.44	14.41	70.49	9	9
2022-03-18 00:51:20 	385	8.73	70.51	14.44	70.11	9	9
2022-03-18 00:51:50 	386	8.69	70.78	14.44	70.0	9	9
2022-03-18 00:52:34 	387	8.63	70.87	14.44	70.29	9	9
2022-03-18 00:53:09 	388	8.66	71.21	14.42	70.57	9	9
2022-03-18 00:53:44 	389	8.74	71.24	14.46	70.66	9	9
2022-03-18 00:54:16 	390	8.87	71.06	14.41	70.48	9	9
2022-03-18 00:54:45 	391	8.9	70.94	14.43	70.43	9	9
2022-03-18 00:55:25 	392	8.97	70.64	14.42	70.56	9	9
2022-03-18 00:55:55 	393	9.0	70.48	14.4	70.43	9	9
2022-03-18 00:56:32 	394	8.97	70.4	14.4	70.23	9	9
2022-03-18 00:57:04 	395	8.9	70.19	14.41	70.3	9	9
2022-03-18 00:57:36 	396	8.83	70.21	14.41	70.46	9	9
2022-03-18 00:58:21 	397	8.81	70.47	14.41	70.3	9	9
2022-03-18 00:59:01 	398	8.8	70.61	14.4	70.18	9	9
2022-03-18 00:59:43 	399	8.82	70.8	14.4	70.43	9	9
2022-03-18 01:00:15 	400	8.81	70.48	14.4	70.44	9	9
2022-03-18 01:00:57 	401	8.74	70.59	14.4	70.27	9	9
2022-03-18 01:01:37 	402	8.61	71.03	14.4	70.26	9	9
2022-03-18 01:02:14 	403	8.6	71.26	14.4	70.53	9	9
2022-03-18 01:02:46 	404	8.61	71.2	14.4	70.42	9	9
2022-03-18 01:03:21 	405	8.66	71.31	14.4	70.26	9	9
2022-03-18 01:04:08 	406	8.64	71.39	14.41	70.36	9	9
2022-03-18 01:04:48 	407	8.79	71.06	14.4	70.4	9	9
2022-03-18 01:05:33 	408	8.72	70.62	14.41	70.0	9	9
2022-03-18 01:06:05 	409	8.66	70.86	14.41	70.08	9	9
2022-03-18 01:06:37 	410	8.53	71.22	14.41	70.31	9	9
2022-03-18 01:07:09 	411	8.52	71.4	14.4	70.16	9	9
2022-03-18 01:07:51 	412	8.5	71.44	14.42	70.03	9	9
2022-03-18 01:08:21 	413	8.56	71.69	14.43	70.17	9	9
2022-03-18 01:08:55 	414	8.68	71.62	14.42	70.46	9	9
2022-03-18 01:09:28 	415	8.8	71.27	14.41	70.49	9	9
2022-03-18 01:09:57 	416	8.83	70.76	14.4	70.37	9	9
2022-03-18 01:10:29 	417	8.86	70.77	14.41	70.2	9	9
2022-03-18 01:11:01 	418	8.9	70.66	14.4	70.24	9	9
2022-03-18 01:11:34 	419	8.89	70.14	14.43	70.36	9	9
2022-03-18 01:12:06 	420	8.77	70.3	14.42	70.17	9	9
2022-03-18 01:12:40 	421	8.7	70.68	14.41	70.04	9	9
2022-03-18 01:13:15 	422	8.72	70.9	14.4	70.2	9	9
2022-03-18 01:13:50 	423	8.81	70.91	14.4	70.4	9	9
2022-03-18 01:14:24 	424	8.81	70.53	14.4	70.29	9	9
2022-03-18 01:14:54 	425	8.8	70.5	14.41	70.06	9	9
2022-03-18 01:15:28 	426	8.8	70.5	14.43	70.09	9	9
2022-03-18 01:16:03 	427	8.8	70.83	14.46	70.32	9	9
2022-03-18 01:16:35 	428	8.9	70.92	14.41	70.39	9	9
2022-03-18 01:17:07 	429	8.9	70.32	14.46	70.09	9	9
2022-03-18 01:17:47 	430	8.87	70.32	14.43	70.22	9	9
2022-03-18 01:18:17 	431	8.82	70.49	14.43	70.4	9	9
2022-03-18 01:18:46 	432	8.88	70.69	14.43	70.39	9	9
2022-03-18 01:19:18 	433	8.9	70.41	14.42	70.2	9	9
2022-03-18 01:20:13 	434	8.92	70.09	14.42	70.16	9	9
2022-03-18 01:20:43 	435	8.93	70.13	14.41	70.3	9	9
2022-03-18 01:21:17 	436	8.99	70.01	14.41	70.32	9	9
2022-03-18 01:21:52 	437	9.0	70.0	14.41	70.14	9	9
2022-03-18 01:22:22 	438	8.98	70.02	14.4	70.18	9	9
2022-03-18 01:22:54 	439	8.92	69.83	14.4	70.32	9	9
2022-03-18 01:23:26 	440	8.87	70.02	14.41	70.48	9	9
2022-03-18 01:24:06 	441	8.74	70.37	14.42	70.14	9	9
2022-03-18 01:24:35 	442	8.67	70.81	14.4	70.14	9	9
2022-03-18 01:25:10 	443	8.7	71.1	14.4	70.33	9	9
2022-03-18 01:25:45 	444	8.81	70.97	14.41	70.47	9	9
2022-03-18 01:26:27 	445	8.89	70.61	14.4	70.31	9	9
2022-03-18 01:27:04 	446	8.99	70.52	14.4	70.3	9	9
2022-03-18 01:27:39 	447	9.0	70.32	14.4	70.42	9	9
2022-03-18 01:28:08 	448	9.1	70.06	14.4	70.49	9	9
2022-03-18 01:28:45 	449	9.18	69.87	14.4	70.26	9	9
2022-03-18 01:29:15 	450	9.14	69.41	14.4	70.02	9	9
2022-03-18 01:29:47 	451	8.99	69.31	14.44	70.2	9	9
2022-03-18 01:30:22 	452	8.9	69.99	14.4	70.28	9	9
2022-03-18 01:30:51 	453	8.82	70.13	14.42	70.16	9	9
2022-03-18 01:31:34 	454	8.79	70.48	14.41	70.0	9	9
2022-03-18 01:32:06 	455	8.8	70.6	14.4	70.23	9	9
2022-03-18 01:32:40 	456	8.89	70.56	14.4	70.38	9	9
2022-03-18 01:33:12 	457	8.87	70.37	14.4	70.21	9	9
2022-03-18 01:33:45 	458	8.89	70.19	14.4	70.16	9	9
2022-03-18 01:34:19 	459	8.9	70.19	14.4	70.37	9	9
2022-03-18 01:34:54 	460	8.91	70.28	14.4	70.56	9	9
2022-03-18 01:35:46 	461	8.96	70.03	14.4	70.42	9	9
2022-03-18 01:36:16 	462	8.9	69.89	14.4	70.31	9	9
2022-03-18 01:36:58 	463	8.9	69.8	14.4	70.63	9	9
2022-03-18 01:37:35 	464	8.9	69.67	14.4	70.66	9	9
2022-03-18 01:38:12 	465	8.9	69.77	14.4	70.37	9	9
2022-03-18 01:38:45 	466	8.8	69.8	14.4	70.24	9	9
2022-03-18 01:39:14 	467	8.72	69.97	14.4	70.41	9	9
2022-03-18 01:39:46 	468	8.64	70.32	14.4	70.4	9	9
2022-03-18 01:40:29 	469	8.49	70.73	14.4	70.11	9	9
2022-03-18 01:41:03 	470	8.4	71.03	14.4	69.96	9	9
2022-03-18 01:41:33 	471	8.4	71.42	14.4	70.42	9	9
2022-03-18 01:42:07 	472	8.4	71.28	14.42	70.48	9	9
2022-03-18 01:42:37 	473	8.39	71.18	14.41	70.31	9	9
2022-03-18 01:43:19 	474	8.39	71.3	14.4	70.41	9	9
2022-03-18 01:43:51 	475	8.42	71.4	14.4	70.52	9	9
2022-03-18 01:44:29 	476	8.54	71.11	14.4	70.6	9	9
2022-03-18 01:44:58 	477	8.66	70.9	14.4	70.51	9	9
2022-03-18 01:45:28 	478	8.78	70.68	14.4	70.6	9	9
2022-03-18 01:46:02 	479	8.88	70.51	14.4	70.79	9	9
2022-03-18 01:46:32 	480	8.9	69.87	14.4	70.87	9	9
2022-03-18 01:47:02 	481	8.88	69.7	14.41	70.61	9	9
2022-03-18 01:47:34 	482	8.9	69.76	14.4	70.4	9	9
2022-03-18 01:48:08 	483	8.9	69.63	14.4	70.47	9	9
2022-03-18 01:48:40 	484	8.9	69.69	14.4	70.68	9	9
2022-03-18 01:49:10 	485	8.9	69.7	14.4	70.52	9	9
2022-03-18 01:49:45 	486	8.96	69.68	14.4	70.36	9	9
2022-03-18 01:50:34 	487	9.0	69.48	14.39	70.58	9	9
2022-03-18 01:51:07 	488	9.08	69.56	14.39	70.87	9	9
2022-03-18 01:51:39 	489	9.1	69.38	14.4	70.69	9	9
2022-03-18 01:52:13 	490	9.1	69.52	14.4	70.43	9	9
2022-03-18 01:52:53 	491	9.08	69.22	14.4	70.6	9	9
2022-03-18 01:53:25 	492	9.0	69.63	14.4	70.77	9	9
2022-03-18 01:53:57 	493	9.02	69.69	14.4	70.59	9	9
2022-03-18 01:54:27 	494	9.1	69.48	14.4	70.41	9	9
2022-03-18 01:55:02 	495	9.11	69.2	14.4	70.46	9	9
2022-03-18 01:55:46 	496	9.1	68.86	14.39	70.59	9	9
2022-03-18 01:56:18 	497	9.01	68.79	14.39	70.41	9	9
2022-03-18 01:56:51 	498	9.03	68.94	14.39	70.33	9	9
2022-03-18 01:57:20 	499	9.07	69.12	14.39	70.4	9	9
2022-03-18 01:57:50 	500	9.01	68.97	14.39	70.52	9	9
2022-03-18 01:58:19 	501	8.99	69.04	14.4	70.6	9	9
2022-03-18 01:58:49 	502	9.0	69.03	14.4	70.31	9	9
2022-03-18 01:59:18 	503	8.91	69.09	14.4	70.36	9	9
2022-03-18 01:59:53 	504	8.96	69.44	14.39	70.51	9	9
2022-03-18 02:00:33 	505	9.0	69.56	14.39	70.67	9	9
2022-03-18 02:01:13 	506	9.04	69.56	14.39	70.56	9	9
2022-03-18 02:01:45 	507	9.08	69.03	14.4	70.26	9	9
2022-03-18 02:02:19 	508	9.1	69.13	14.4	70.54	9	9
2022-03-18 02:02:49 	509	9.11	69.26	14.4	70.67	9	9
2022-03-18 02:03:21 	510	9.09	68.78	14.4	70.42	9	9
2022-03-18 02:04:06 	511	8.96	68.77	14.4	70.11	9	9
2022-03-18 02:04:38 	512	8.83	69.29	14.4	70.34	9	9
2022-03-18 02:05:15 	513	8.78	69.67	14.4	70.4	9	9
2022-03-18 02:05:57 	514	8.7	69.77	14.4	70.17	9	9
2022-03-18 02:06:29 	515	8.7	70.09	14.4	70.27	9	9
2022-03-18 02:07:02 	516	8.8	70.0	14.39	70.27	9	9
2022-03-18 02:07:34 	517	8.86	69.89	14.38	70.57	9	9
2022-03-18 02:08:06 	518	8.9	69.68	14.4	70.4	9	9
2022-03-18 02:08:46 	519	8.9	69.44	14.4	70.22	9	9
2022-03-18 02:09:20 	520	8.91	69.46	14.4	70.39	9	9
2022-03-18 02:10:07 	521	8.89	69.12	14.4	70.44	9	9
2022-03-18 02:10:37 	522	8.81	69.33	14.4	70.22	9	9
2022-03-18 02:11:19 	523	8.8	69.62	14.4	70.28	9	9
2022-03-18 02:11:54 	524	8.82	69.76	14.4	70.54	9	9
2022-03-18 02:12:29 	525	8.9	69.93	14.4	70.77	9	9
2022-03-18 02:13:03 	526	8.93	69.63	14.4	70.5	9	9
2022-03-18 02:13:38 	527	9.0	69.28	14.4	70.42	9	9
2022-03-18 02:14:15 	528	9.0	69.08	14.4	70.63	9	9
2022-03-18 02:15:07 	529	9.04	68.82	14.4	70.67	9	9
2022-03-18 02:15:37 	530	9.09	68.9	14.4	70.53	9	9
2022-03-18 02:16:07 	531	9.1	68.9	14.4	70.56	9	9
2022-03-18 02:16:44 	532	9.11	68.89	14.4	70.58	9	9
2022-03-18 02:17:16 	533	9.1	68.57	14.4	70.5	9	9
2022-03-18 02:17:48 	534	9.09	68.67	14.4	70.67	9	9
2022-03-18 02:18:20 	535	9.04	68.92	14.4	70.7	9	9
2022-03-18 02:19:10 	536	8.92	68.88	14.41	70.64	9	9
2022-03-18 02:20:02 	537	8.7	69.5	14.4	70.22	9	9
2022-03-18 02:20:40 	538	8.7	69.94	14.4	70.38	9	9
2022-03-18 02:21:14 	539	8.7	70.08	14.4	70.47	9	9
2022-03-18 02:21:46 	540	8.72	69.8	14.4	70.58	9	9
2022-03-18 02:22:16 	541	8.71	69.5	14.4	70.2	9	9
2022-03-18 02:22:51 	542	8.7	69.44	14.4	70.22	9	9
2022-03-18 02:23:28 	543	8.66	69.46	14.4	70.31	9	9
2022-03-18 02:23:57 	544	8.57	69.32	14.4	70.34	9	9
2022-03-18 02:24:34 	545	8.5	69.7	14.4	70.21	9	9
2022-03-18 02:25:04 	546	8.5	69.88	14.4	70.28	9	9
2022-03-18 02:25:36 	547	8.58	69.7	14.4	70.47	9	9
2022-03-18 02:26:13 	548	8.56	69.38	14.38	70.5	9	9
2022-03-18 02:26:48 	549	8.59	69.34	14.39	70.5	9	9
2022-03-18 02:27:30 	550	8.6	69.18	14.4	70.34	9	9
2022-03-18 02:28:07 	551	8.59	69.2	14.36	70.7	9	9
2022-03-18 02:28:45 	552	8.61	68.91	14.36	70.67	9	9
2022-03-18 02:29:17 	553	8.5	68.66	14.39	70.48	9	9
2022-03-18 02:29:49 	554	8.49	68.91	14.39	70.47	9	9
2022-03-18 02:30:18 	555	8.5	68.98	14.38	70.53	9	9
2022-03-18 02:30:56 	556	8.49	68.77	14.4	70.4	9	9
2022-03-18 02:31:28 	557	8.43	68.63	14.4	70.17	9	9
2022-03-18 02:32:02 	558	8.43	68.48	14.4	70.0	9	9
2022-03-18 02:32:35 	559	8.4	68.67	14.4	70.23	9	9
2022-03-18 02:33:12 	560	8.4	69.1	14.41	70.21	9	9
2022-03-18 02:33:41 	561	8.38	69.0	14.4	70.06	9	9
2022-03-18 02:34:13 	562	8.4	69.0	14.4	70.33	9	9
2022-03-18 02:34:43 	563	8.4	68.96	14.4	70.56	9	9
2022-03-18 02:35:18 	564	8.4	68.6	14.4	70.4	9	9
2022-03-18 02:35:52 	565	8.39	68.53	14.4	70.23	9	9
2022-03-18 02:36:29 	566	8.31	68.83	14.38	70.03	9	9
2022-03-18 02:37:04 	567	8.32	68.9	14.4	70.17	9	9
2022-03-18 02:37:36 	568	8.39	69.18	14.4	70.63	9	9
2022-03-18 02:38:11 	569	8.47	68.9	14.4	70.58	9	9
2022-03-18 02:38:48 	570	8.52	68.5	14.4	70.38	9	9
2022-03-18 02:39:18 	571	8.63	68.44	14.4	70.57	9	9
2022-03-18 02:39:52 	572	8.7	68.11	14.4	70.7	9	9
2022-03-18 02:40:22 	573	8.72	67.83	14.4	70.74	9	9
2022-03-18 02:40:54 	574	8.68	67.56	14.4	70.26	9	9
2022-03-18 02:41:24 	575	8.58	67.61	14.4	70.24	9	9
2022-03-18 02:42:01 	576	8.49	67.77	14.4	70.4	9	9
2022-03-18 02:42:46 	577	8.49	67.92	14.4	70.22	9	9
2022-03-18 02:43:20 	578	8.4	67.98	14.4	70.06	9	9
2022-03-18 02:43:52 	579	8.39	68.28	14.4	70.09	9	9
2022-03-18 02:44:24 	580	8.38	68.46	14.4	70.33	9	9
2022-03-18 02:44:59 	581	8.4	68.48	14.4	70.18	9	9
2022-03-18 02:45:31 	582	8.4	68.04	14.41	70.03	9	9
2022-03-18 02:46:01 	583	8.4	68.04	14.4	69.97	9	9
2022-03-18 02:46:33 	584	8.4	67.93	14.4	70.28	9	9
2022-03-18 02:47:08 	585	8.4	68.03	14.4	70.44	9	9
2022-03-18 02:47:37 	586	8.4	68.04	14.4	70.37	9	9
2022-03-18 02:48:19 	587	8.4	67.82	14.4	70.06	9	9
2022-03-18 02:48:51 	588	8.42	67.9	14.4	70.36	9	9
2022-03-18 02:49:21 	589	8.44	67.67	14.4	70.36	9	9
2022-03-18 02:49:56 	590	8.4	67.58	14.4	70.12	9	9
2022-03-18 02:50:28 	591	8.4	67.57	14.4	70.08	9	9
2022-03-18 02:51:00 	592	8.36	67.71	14.4	70.0	9	9
2022-03-18 02:51:37 	593	8.26	67.82	14.4	70.14	9	9
2022-03-18 02:52:09 	594	8.21	68.43	14.4	70.32	9	9
2022-03-18 02:52:41 	595	8.3	68.81	14.4	70.42	9	9
2022-03-18 02:53:19 	596	8.4	68.41	14.4	70.24	9	9
2022-03-18 02:53:53 	597	8.47	67.86	14.4	70.18	9	9
2022-03-18 02:54:41 	598	8.5	67.68	14.4	70.21	9	9
2022-03-18 02:55:15 	599	8.43	67.53	14.4	69.93	9	9
2022-03-18 02:56:00 	600	8.4	67.79	14.39	70.14	9	9
2022-03-18 02:56:37 	601	8.36	67.87	14.4	70.19	9	9
2022-03-18 02:57:14 	602	8.4	68.06	14.39	70.0	9	9
2022-03-18 02:57:46 	603	8.41	68.21	14.39	69.99	9	9
2022-03-18 02:58:24 	604	8.49	67.93	14.39	70.3	9	9
2022-03-18 02:58:56 	605	8.64	67.8	14.38	70.53	9	9
2022-03-18 02:59:33 	606	8.68	67.34	14.39	70.2	9	9
2022-03-18 03:00:05 	607	8.6	67.04	14.4	70.0	9	9
2022-03-18 03:00:37 	608	8.63	67.5	14.39	70.53	9	9
2022-03-18 03:01:17 	609	8.63	67.02	14.4	70.49	9	9
2022-03-18 03:01:49 	610	8.48	66.81	14.4	69.9	9	9
2022-03-18 03:02:26 	611	8.4	67.16	14.4	69.99	9	9
2022-03-18 03:03:01 	612	8.4	67.32	14.4	70.32	9	9
2022-03-18 03:03:30 	613	8.4	67.46	14.38	70.38	9	9
2022-03-18 03:04:15 	614	8.4	67.71	14.4	70.31	9	9
2022-03-18 03:04:47 	615	8.4	67.36	14.39	70.09	9	9
2022-03-18 03:05:30 	616	8.34	67.53	14.39	70.31	9	9
2022-03-18 03:06:04 	617	8.31	67.62	14.39	70.24	9	9
2022-03-18 03:06:34 	618	8.29	67.44	14.4	69.9	9	9
2022-03-18 03:07:13 	619	8.3	67.54	14.38	69.99	9	9
2022-03-18 03:07:48 	620	8.32	67.5	14.38	70.27	9	9
2022-03-18 03:08:25 	621	8.34	67.57	14.37	70.23	9	9
2022-03-18 03:08:55 	622	8.39	67.4	14.39	70.0	9	9
2022-03-18 03:09:27 	623	8.33	67.39	14.4	70.04	9	9
2022-03-18 03:10:19 	624	8.38	67.51	14.37	70.44	9	9
2022-03-18 03:10:52 	625	8.4	67.16	14.36	70.41	9	9
2022-03-18 03:11:34 	626	8.4	66.81	14.36	70.37	9	9
2022-03-18 03:12:08 	627	8.3	66.86	14.4	70.28	9	9
2022-03-18 03:12:46 	628	8.22	67.34	14.39	70.44	9	9
2022-03-18 03:13:20 	629	8.11	67.57	14.39	70.23	9	9
2022-03-18 03:13:50 	630	8.1	67.62	14.37	70.14	9	9
2022-03-18 03:14:27 	631	8.16	67.7	14.37	70.3	9	9
2022-03-18 03:15:02 	632	8.18	67.59	14.33	70.44	9	9
2022-03-18 03:15:31 	633	8.11	67.61	14.36	70.09	9	9
2022-03-18 03:16:01 	634	8.1	67.44	14.36	69.82	9	9
2022-03-18 03:16:33 	635	8.09	67.41	14.37	70.01	9	9
2022-03-18 03:17:15 	636	8.1	67.47	14.32	70.38	9	9
2022-03-18 03:17:50 	637	8.12	67.44	14.36	70.22	9	9
2022-03-18 03:18:22 	638	8.1	67.24	14.36	69.87	9	9
2022-03-18 03:19:17 	639	8.09	67.79	14.3	70.16	9	9
2022-03-18 03:19:59 	640	8.08	67.76	14.3	70.27	9	9
2022-03-18 03:20:41 	641	8.1	67.62	14.32	69.7	9	9
2022-03-18 03:21:21 	642	8.11	67.79	14.3	69.89	9	9
2022-03-18 03:22:01 	643	8.18	67.96	14.3	70.44	9	9
2022-03-18 03:22:30 	644	8.27	67.61	14.31	70.37	9	9
2022-03-18 03:23:05 	645	8.4	67.33	14.3	70.13	9	9
2022-03-18 03:23:45 	646	8.33	66.79	14.3	70.07	9	9
2022-03-18 03:24:19 	647	8.24	66.78	14.3	70.01	9	9
2022-03-18 03:24:59 	648	8.16	66.99	14.3	70.41	9	9
2022-03-18 03:25:29 	649	8.1	67.1	14.3	70.17	9	9
2022-03-18 03:26:08 	650	8.1	67.34	14.3	70.06	9	9
2022-03-18 03:26:43 	651	8.04	67.06	14.32	70.02	9	9
2022-03-18 03:27:25 	652	8.1	67.28	14.34	69.98	9	9
2022-03-18 03:27:57 	653	8.1	67.2	14.37	69.88	9	9
2022-03-18 03:28:32 	654	8.1	67.36	14.36	70.04	9	9
2022-03-18 03:29:17 	655	8.07	67.63	14.39	70.03	9	9
2022-03-18 03:29:54 	656	8.08	68.03	14.38	69.74	9	9
2022-03-18 03:30:24 	657	8.1	67.7	14.39	69.81	9	9
2022-03-18 03:30:56 	658	8.18	67.62	14.36	70.09	9	9
2022-03-18 03:31:28 	659	8.26	67.12	14.36	70.23	9	9
2022-03-18 03:32:00 	660	8.31	66.68	14.38	69.98	9	9
2022-03-18 03:32:35 	661	8.24	66.62	14.36	69.72	9	9
2022-03-18 03:33:07 	662	8.12	67.0	14.38	70.11	9	9
2022-03-18 03:33:51 	663	8.1	66.83	14.36	70.08	9	9
2022-03-18 03:34:24 	664	8.01	67.18	14.36	70.12	9	9
2022-03-18 03:34:53 	665	8.0	67.63	14.33	69.86	9	9
2022-03-18 03:35:33 	666	8.0	67.77	14.31	70.0	9	9
2022-03-18 03:36:13 	667	8.07	67.29	14.3	70.16	9	9
2022-03-18 03:36:57 	668	8.09	67.14	14.31	69.6	9	9
2022-03-18 03:37:27 	669	8.09	67.28	14.3	69.88	9	9
2022-03-18 03:38:22 	670	8.1	67.57	14.3	70.14	9	9
2022-03-18 03:38:59 	671	8.1	67.37	14.3	69.94	9	9
2022-03-18 03:39:41 	672	8.1	67.41	14.31	69.77	9	9
2022-03-18 03:40:18 	673	8.1	67.24	14.32	69.94	9	9
2022-03-18 03:40:53 	674	8.1	67.19	14.33	70.2	9	9
2022-03-18 03:41:28 	675	8.1	66.96	14.32	69.79	9	9
2022-03-18 03:42:10 	676	8.1	67.08	14.31	69.9	9	9
2022-03-18 03:42:45 	677	8.18	66.93	14.3	70.2	9	9
2022-03-18 03:43:22 	678	8.19	66.9	14.3	70.34	9	9
2022-03-18 03:44:07 	679	8.14	66.83	14.3	70.21	9	9
2022-03-18 03:44:44 	680	8.06	66.79	14.3	70.33	9	9
2022-03-18 03:45:18 	681	8.0	66.91	14.3	70.12	9	9
2022-03-18 03:45:48 	682	8.0	67.03	14.3	69.97	9	9
2022-03-18 03:46:20 	683	7.97	67.08	14.3	69.97	9	9
2022-03-18 03:46:52 	684	7.91	66.9	14.34	69.83	9	9
2022-03-18 03:47:32 	685	7.92	66.99	14.31	70.18	9	9
2022-03-18 03:48:17 	686	8.04	67.02	14.32	69.84	9	9
2022-03-18 03:48:49 	687	8.1	66.97	14.31	69.67	9	9
2022-03-18 03:49:21 	688	8.1	67.22	14.32	69.73	9	9
2022-03-18 03:49:53 	689	8.1	67.0	14.34	69.93	9	9
2022-03-18 03:50:25 	690	8.09	67.04	14.31	70.03	9	9
2022-03-18 03:51:05 	691	8.09	66.76	14.3	69.67	9	9
2022-03-18 03:51:37 	692	8.01	66.78	14.33	69.86	9	9
2022-03-18 03:52:07 	693	7.98	66.96	14.31	69.98	9	9
2022-03-18 03:52:36 	694	7.93	67.03	14.33	70.04	9	9
2022-03-18 03:53:11 	695	7.93	67.18	14.31	69.42	9	9
2022-03-18 03:53:48 	696	7.9	67.19	14.31	69.57	9	9
2022-03-18 03:54:23 	697	7.9	67.17	14.31	69.99	9	9
2022-03-18 03:54:57 	698	7.93	67.08	14.31	69.8	9	9
2022-03-18 03:55:35 	699	8.0	67.19	14.32	69.52	9	9
2022-03-18 03:56:17 	700	8.01	67.14	14.3	69.63	9	9
2022-03-18 03:56:49 	701	8.0	67.23	14.32	69.99	9	9
2022-03-18 03:57:21 	702	8.0	66.94	14.32	69.73	9	9
2022-03-18 03:57:51 	703	8.0	66.88	14.3	69.39	9	9
2022-03-18 03:58:25 	704	8.0	67.06	14.32	69.53	9	9
2022-03-18 03:58:57 	705	8.08	67.02	14.32	69.98	9	9
2022-03-18 03:59:35 	706	8.09	66.92	14.31	70.11	9	9
2022-03-18 04:00:30 	707	8.13	67.0	14.31	69.9	9	9
2022-03-18 04:00:59 	708	8.26	67.0	14.3	70.19	9	9
2022-03-18 04:01:39 	709	8.4	67.6	14.3	70.63	9	9
2022-03-18 04:02:08 	710	8.4	66.26	14.3	70.3	9	9
2022-03-18 04:02:43 	711	8.3	66.14	14.3	69.97	9	9
2022-03-18 04:03:15 	712	8.3	66.12	14.3	69.87	9	9
2022-03-18 04:03:52 	713	8.28	66.19	14.3	70.14	9	9
2022-03-18 04:04:30 	714	8.23	66.39	14.3	69.93	9	9
2022-03-18 04:05:04 	715	8.17	66.31	14.3	69.49	9	9
2022-03-18 04:05:36 	716	8.14	66.44	14.3	69.81	9	9
2022-03-18 04:06:06 	717	8.1	66.41	14.3	69.99	9	9
2022-03-18 04:06:43 	718	8.1	66.54	14.3	69.96	9	9
2022-03-18 04:07:33 	719	8.01	66.88	14.3	69.53	9	9
2022-03-18 04:08:08 	720	8.0	67.0	14.3	70.06	9	9
2022-03-18 04:08:40 	721	8.1	67.0	14.3	70.08	9	9
2022-03-18 04:09:14 	722	8.1	66.87	14.3	69.74	9	9
2022-03-18 04:09:44 	723	8.1	66.61	14.3	69.76	9	9
2022-03-18 04:10:19 	724	8.1	66.56	14.3	69.94	9	9
2022-03-18 04:10:51 	725	8.1	66.3	14.3	69.87	9	9
2022-03-18 04:11:25 	726	8.09	66.33	14.3	69.73	9	9
2022-03-18 04:12:00 	727	8.0	66.6	14.3	69.8	9	9
2022-03-18 04:12:37 	728	8.0	66.7	14.3	69.89	9	9
2022-03-18 04:13:07 	729	7.99	66.99	14.3	69.98	9	9
2022-03-18 04:13:41 	730	7.94	66.68	14.3	69.61	9	9
2022-03-18 04:14:19 	731	7.9	66.82	14.3	69.56	9	9
2022-03-18 04:15:01 	732	7.88	67.16	14.3	69.97	9	9
2022-03-18 04:15:38 	733	7.9	67.24	14.3	70.0	9	9
2022-03-18 04:16:15 	734	7.94	67.29	14.3	69.72	9	9
2022-03-18 04:17:00 	735	7.99	67.03	14.3	69.62	9	9
2022-03-18 04:17:37 	736	8.0	66.99	14.3	69.9	9	9
2022-03-18 04:18:07 	737	8.0	66.98	14.3	69.89	9	9
2022-03-18 04:18:41 	738	7.94	67.14	14.3	69.82	9	9
2022-03-18 04:19:19 	739	7.93	67.37	14.3	69.73	9	9
2022-03-18 04:19:53 	740	7.92	67.23	14.3	69.97	9	9
2022-03-18 04:20:23 	741	7.97	67.46	14.3	70.03	9	9
2022-03-18 04:21:23 	742	7.94	67.47	14.3	69.67	9	9
2022-03-18 04:22:00 	743	7.97	67.5	14.3	69.99	9	9
2022-03-18 04:22:32 	744	8.03	67.42	14.3	70.26	9	9
2022-03-18 04:23:04 	745	8.11	67.06	14.3	70.21	9	9
2022-03-18 04:23:36 	746	8.18	67.23	14.3	69.87	9	9
2022-03-18 04:24:06 	747	8.32	67.47	14.3	69.89	9	9
2022-03-18 04:24:38 	748	8.39	66.57	14.3	70.07	9	9
2022-03-18 04:25:23 	749	6.91	66.33	14.3	70.04	9	9
2022-03-18 04:25:55 	750	8.29	66.59	14.3	69.72	9	9
2022-03-18 04:26:30 	751	8.26	66.51	14.3	70.02	9	9
2022-03-18 04:27:07 	752	8.2	66.49	14.3	70.16	9	9
2022-03-18 04:28:04 	753	8.1	66.67	14.3	69.87	9	9
2022-03-18 04:28:52 	754	8.06	66.84	14.3	69.88	9	9
2022-03-18 04:29:36 	755	8.03	66.9	14.3	70.17	9	9
2022-03-18 04:30:21 	756	8.1	66.84	14.3	70.11	9	9
2022-03-18 04:30:56 	757	8.11	66.67	14.3	70.02	9	9
2022-03-18 04:31:40 	758	8.1	66.7	14.3	70.24	9	9
2022-03-18 04:32:10 	759	8.04	66.8	14.3	70.16	9	9
2022-03-18 04:32:50 	760	8.12	66.84	14.3	69.86	9	9
2022-03-18 04:33:19 	761	8.2	66.6	14.3	70.11	9	9
2022-03-18 04:33:54 	762	8.18	66.78	14.3	70.24	9	9
2022-03-18 04:34:39 	763	8.17	66.68	14.3	70.26	9	9
2022-03-18 04:35:08 	764	8.1	66.44	14.3	69.6	9	9
2022-03-18 04:36:06 	765	8.09	66.77	14.3	70.09	9	9
2022-03-18 04:36:35 	766	8.08	67.34	14.3	70.33	9	9
2022-03-18 04:37:05 	767	8.13	67.06	14.3	70.1	9	9
2022-03-18 04:37:42 	768	8.19	66.96	14.3	69.77	9	9
2022-03-18 04:38:17 	769	8.2	66.68	14.3	70.18	9	9
2022-03-18 04:39:07 	770	8.12	66.51	14.3	70.17	9	9
2022-03-18 04:39:41 	771	8.0	66.68	14.3	69.89	9	9
2022-03-18 04:40:36 	772	7.9	67.19	14.3	70.0	9	9
2022-03-18 04:41:13 	773	7.9	67.53	14.3	70.19	9	9
2022-03-18 04:41:53 	774	7.9	67.51	14.3	69.79	9	9
2022-03-18 04:42:23 	775	7.9	67.49	14.3	69.73	9	9
2022-03-18 04:43:20 	776	7.9	67.44	14.3	69.99	9	9
2022-03-18 04:43:52 	777	7.9	67.46	14.3	70.23	9	9
2022-03-18 04:44:27 	778	7.96	67.59	14.3	69.99	9	9
2022-03-18 04:45:02 	779	8.1	67.26	14.3	69.84	9	9
2022-03-18 04:45:41 	780	8.1	66.84	14.3	70.27	9	9
2022-03-18 04:46:21 	781	8.03	66.99	14.3	70.17	9	9
2022-03-18 04:46:53 	782	8.03	66.98	14.3	69.83	9	9
2022-03-18 04:47:28 	783	8.0	66.99	14.3	69.87	9	9
2022-03-18 04:48:05 	784	8.0	67.32	14.3	70.16	9	9
2022-03-18 04:48:47 	785	8.03	67.21	14.3	70.16	9	9
2022-03-18 04:49:27 	786	8.13	67.09	14.3	69.88	9	9
2022-03-18 04:50:09 	787	8.23	66.87	14.3	70.17	9	9
2022-03-18 04:50:44 	788	8.27	66.6	14.3	70.18	9	9
2022-03-18 04:51:23 	789	8.19	66.61	14.3	69.91	9	9
2022-03-18 04:52:03 	790	8.19	66.73	14.3	69.83	9	9
2022-03-18 04:52:43 	791	8.1	66.8	14.3	69.84	9	9
2022-03-18 04:53:18 	792	8.1	67.18	14.3	69.79	9	9
2022-03-18 04:53:50 	793	8.1	67.22	14.3	69.62	9	9
2022-03-18 04:54:34 	794	8.09	67.22	14.3	69.91	9	9
2022-03-18 04:55:09 	795	8.09	67.21	14.29	70.03	9	9
2022-03-18 04:55:44 	796	8.1	66.98	14.3	70.01	9	9
2022-03-18 04:56:16 	797	8.08	66.97	14.3	69.79	9	9
2022-03-18 04:56:45 	798	8.0	67.34	14.3	70.0	9	9
2022-03-18 04:57:20 	799	8.02	67.16	14.3	70.09	9	9
2022-03-18 04:57:50 	800	8.0	66.92	14.3	69.96	9	9
2022-03-18 04:58:32 	801	8.0	67.08	14.3	69.5	9	9
2022-03-18 04:59:07 	802	8.0	67.48	14.3	69.74	9	9
2022-03-18 04:59:46 	803	8.07	67.03	14.3	69.94	9	9
2022-03-18 05:00:21 	804	8.0	66.97	14.3	69.99	9	9
2022-03-18 05:01:01 	805	8.03	67.04	14.3	69.81	9	9
2022-03-18 05:01:33 	806	8.02	66.84	14.3	69.78	9	9
2022-03-18 05:02:07 	807	7.99	66.94	14.3	70.06	9	9
2022-03-18 05:02:47 	808	7.96	67.12	14.3	69.72	9	9
2022-03-18 05:03:24 	809	7.89	67.21	14.3	69.38	9	9
2022-03-18 05:03:56 	810	7.9	67.37	14.3	69.78	9	9
2022-03-18 05:04:34 	811	7.87	67.74	14.3	69.96	9	9
2022-03-18 05:05:11 	812	7.88	67.76	14.3	69.64	9	9
2022-03-18 05:05:48 	813	7.9	67.67	14.3	69.48	9	9
2022-03-18 05:06:33 	814	7.9	67.46	14.3	69.82	9	9
2022-03-18 05:07:13 	815	7.9	67.3	14.3	69.67	9	9
2022-03-18 05:07:45 	816	7.9	67.49	14.3	69.68	9	9
2022-03-18 05:08:19 	817	7.9	67.68	14.28	69.64	9	9
2022-03-18 05:09:02 	818	7.9	67.51	14.3	69.97	9	9
2022-03-18 05:09:39 	819	7.9	67.43	14.29	69.78	9	9
2022-03-18 05:10:21 	820	7.9	67.4	14.3	69.43	9	9
2022-03-18 05:11:03 	821	7.9	67.27	14.29	69.58	9	9
2022-03-18 05:11:33 	822	7.9	67.28	14.29	69.77	9	9
2022-03-18 05:12:05 	823	7.97	67.17	14.3	69.49	9	9
2022-03-18 05:12:50 	824	8.03	67.14	14.3	69.61	9	9
2022-03-18 05:13:24 	825	8.16	66.94	14.3	70.08	9	9
2022-03-18 05:14:02 	826	8.27	66.57	14.29	70.08	9	9
2022-03-18 05:14:41 	827	8.38	66.44	14.3	70.11	9	9
2022-03-18 05:15:16 	828	8.36	66.09	14.3	70.1	9	9
2022-03-18 05:16:01 	829	8.21	66.08	14.3	70.19	9	9
2022-03-18 05:16:35 	830	8.1	66.27	14.3	69.79	9	9
2022-03-18 05:17:15 	831	8.1	66.5	14.3	69.76	9	9
2022-03-18 05:17:50 	832	8.02	66.86	14.3	69.94	9	9
2022-03-18 05:18:22 	833	8.0	67.0	14.3	69.83	9	9
2022-03-18 05:19:01 	834	8.06	66.96	14.3	69.84	9	9
2022-03-18 05:19:39 	835	8.11	66.78	14.3	69.7	9	9
2022-03-18 05:20:11 	836	8.18	66.62	14.3	69.96	9	9
2022-03-18 05:20:56 	837	8.26	66.36	14.3	70.14	9	9
2022-03-18 05:21:33 	838	8.2	66.21	14.3	70.03	9	9
2022-03-18 05:22:07 	839	8.11	66.32	14.3	69.76	9	9
2022-03-18 05:22:45 	840	8.04	66.42	14.3	69.83	9	9
2022-03-18 05:23:24 	841	7.91	66.63	14.3	69.79	9	9
2022-03-18 05:23:59 	842	7.87	67.11	14.3	69.44	9	9
2022-03-18 05:24:44 	843	7.9	67.34	14.28	69.79	9	9
2022-03-18 05:25:16 	844	7.9	67.14	14.3	70.02	9	9
2022-03-18 05:25:56 	845	7.9	67.32	14.3	69.91	9	9
2022-03-18 05:26:25 	846	7.87	67.44	14.3	69.72	9	9
2022-03-18 05:26:55 	847	7.87	67.3	14.29	69.61	9	9
2022-03-18 05:27:29 	848	7.89	67.29	14.3	69.9	9	9
2022-03-18 05:28:12 	849	7.9	67.21	14.28	70.06	9	9
2022-03-18 05:28:46 	850	7.82	67.11	14.3	69.73	9	9
2022-03-18 05:29:31 	851	7.8	67.41	14.29	70.02	9	9
2022-03-18 05:30:06 	852	7.76	67.76	14.29	70.21	9	9
2022-03-18 05:30:50 	853	7.79	67.56	14.27	70.03	9	9
2022-03-18 05:31:25 	854	7.9	67.62	14.3	70.31	9	9
2022-03-18 05:32:10 	855	7.96	66.96	14.29	70.33	9	9
2022-03-18 05:32:50 	856	8.02	66.61	14.3	70.14	9	9
2022-03-18 05:33:24 	857	7.91	66.48	14.3	69.68	9	9
2022-03-18 05:33:59 	858	7.9	66.62	14.3	69.69	9	9
2022-03-18 05:34:34 	859	7.9	66.84	14.29	70.29	9	9
2022-03-18 05:35:11 	860	8.02	66.86	14.3	70.44	9	9
2022-03-18 05:35:40 	861	8.11	66.82	14.3	70.22	9	9
2022-03-18 05:36:25 	862	8.22	66.71	14.3	70.12	9	9
2022-03-18 05:37:00 	863	8.33	66.42	14.3	70.34	9	9
2022-03-18 05:37:32 	864	8.38	65.8	14.28	70.27	9	9
2022-03-18 05:38:07 	865	8.32	65.7	14.3	69.92	9	9
2022-03-18 05:38:46 	866	8.22	66.22	14.3	70.23	9	9
2022-03-18 05:39:16 	867	8.27	66.58	14.3	70.47	9	9
2022-03-18 05:39:48 	868	8.3	66.11	14.3	70.43	9	9
2022-03-18 05:40:20 	869	8.3	65.76	14.3	70.1	9	9
2022-03-18 05:40:50 	870	8.31	65.69	14.3	70.0	9	9
2022-03-18 05:41:27 	871	8.3	65.69	14.3	70.1	9	9
2022-03-18 05:41:56 	872	8.26	65.7	14.3	69.98	9	9
2022-03-18 05:42:29 	873	8.2	65.76	14.3	69.77	9	9
2022-03-18 05:43:08 	874	8.2	65.96	14.29	69.8	9	9
2022-03-18 05:43:56 	875	8.14	66.07	14.28	70.21	9	9
2022-03-18 05:44:25 	876	8.1	66.13	14.29	70.2	9	9
2022-03-18 05:45:18 	877	8.07	66.31	14.3	70.07	9	9
2022-03-18 05:46:02 	878	8.1	66.4	14.29	70.3	9	9
2022-03-18 05:46:42 	879	8.1	66.26	14.3	70.41	9	9
2022-03-18 05:47:22 	880	8.18	66.11	14.3	70.17	9	9
2022-03-18 05:47:54 	881	8.2	66.29	14.29	70.0	9	9
2022-03-18 05:48:26 	882	8.23	66.61	14.28	70.31	9	9
2022-03-18 05:49:01 	883	8.3	67.23	14.3	70.53	9	9
2022-03-18 05:49:33 	884	8.3	65.87	14.3	70.31	9	9
2022-03-18 05:50:07 	885	8.31	66.02	14.3	70.24	9	9
2022-03-18 05:50:42 	886	8.39	66.77	14.3	70.63	9	9
2022-03-18 05:51:29 	887	8.38	65.6	14.3	70.47	9	9
2022-03-18 05:52:07 	888	8.22	65.38	14.29	69.73	9	9
2022-03-18 05:52:39 	889	8.09	65.73	14.3	69.83	9	9
2022-03-18 05:53:13 	890	7.99	66.07	14.3	70.07	9	9
2022-03-18 05:53:56 	891	7.87	66.24	14.3	69.87	9	9
2022-03-18 05:54:30 	892	7.82	67.11	14.3	69.88	9	9
2022-03-18 05:55:05 	893	7.88	67.09	14.3	69.88	9	9
2022-03-18 05:55:37 	894	7.86	66.79	14.3	70.23	9	9
2022-03-18 05:56:14 	895	7.82	66.77	14.3	69.97	9	9
2022-03-18 05:56:51 	896	7.8	67.33	14.3	70.01	9	9
2022-03-18 05:57:23 	897	7.8	67.58	14.29	70.04	9	9
2022-03-18 05:58:06 	898	7.79	67.38	14.26	70.08	9	9
2022-03-18 05:58:40 	899	7.72	67.39	14.29	69.71	9	9
2022-03-18 05:59:15 	900	7.73	67.23	14.3	69.82	9	9
2022-03-18 05:59:47 	901	7.76	67.52	14.3	70.04	9	9
2022-03-18 06:00:22 	902	7.81	67.27	14.3	70.24	9	9
2022-03-18 06:00:54 	903	7.8	66.87	14.3	69.84	9	9
2022-03-18 06:01:31 	904	7.79	66.87	14.3	69.47	9	9
2022-03-18 06:02:01 	905	7.8	67.2	14.3	69.84	9	9
2022-03-18 06:02:35 	906	7.82	67.17	14.29	69.89	9	9
2022-03-18 06:03:18 	907	7.8	67.27	14.3	69.72	9	9
2022-03-18 06:03:50 	908	7.81	67.21	14.29	69.31	9	9
2022-03-18 06:04:24 	909	7.81	67.23	14.28	69.69	9	9
2022-03-18 06:04:59 	910	7.87	67.37	14.29	70.12	9	9
2022-03-18 06:05:49 	911	7.89	67.04	14.29	69.82	9	9
2022-03-18 06:06:23 	912	7.83	66.91	14.29	69.64	9	9
2022-03-18 06:06:56 	913	7.81	67.18	14.26	70.09	9	9
2022-03-18 06:07:33 	914	7.78	67.11	14.27	69.82	9	9
2022-03-18 06:08:02 	915	7.71	67.28	14.28	69.62	9	9
2022-03-18 06:08:40 	916	7.79	67.67	14.3	69.73	9	9
2022-03-18 06:09:12 	917	7.8	67.49	14.3	69.89	9	9
2022-03-18 06:09:41 	918	7.79	66.92	14.29	70.0	9	9
2022-03-18 06:10:29 	919	7.72	67.16	14.23	69.73	9	9
2022-03-18 06:11:08 	920	7.74	67.38	14.22	69.79	9	9
2022-03-18 06:11:38 	921	7.74	67.23	14.23	70.13	9	9
2022-03-18 06:12:20 	922	7.74	67.24	14.23	70.09	9	9
2022-03-18 06:12:57 	923	7.71	67.19	14.21	69.82	9	9
2022-03-18 06:13:50 	924	7.6	67.61	14.23	70.09	9	9
2022-03-18 06:14:29 	925	7.66	67.52	14.26	70.09	9	9
2022-03-18 06:15:19 	926	7.61	67.58	14.28	69.57	9	9
2022-03-18 06:16:07 	927	7.63	67.82	14.26	69.98	9	9
2022-03-18 06:16:59 	928	7.79	67.81	14.23	70.23	9	9
2022-03-18 06:17:39 	929	7.82	66.63	14.29	69.5	9	9
2022-03-18 06:18:26 	930	7.79	66.68	14.28	69.78	9	9
2022-03-18 06:19:01 	931	7.78	67.16	14.27	69.89	9	9
2022-03-18 06:19:30 	932	7.8	66.99	14.26	69.61	9	9
2022-03-18 06:20:05 	933	7.79	66.93	14.24	69.67	9	9
2022-03-18 06:20:37 	934	7.78	66.84	14.22	69.92	9	9
2022-03-18 06:21:22 	935	7.8	66.91	14.23	69.98	9	9
2022-03-18 06:21:54 	936	7.78	66.86	14.24	69.73	9	9
2022-03-18 06:22:34 	937	7.67	66.73	14.28	69.5	9	9
2022-03-18 06:23:08 	938	7.6	67.04	14.29	69.86	9	9
2022-03-18 06:23:48 	939	7.6	66.98	14.22	69.71	9	9
2022-03-18 06:24:25 	940	7.63	67.31	14.24	69.46	9	9
2022-03-18 06:25:00 	941	7.7	67.66	14.23	69.57	9	9
2022-03-18 06:25:32 	942	7.73	67.2	14.26	69.81	9	9
2022-03-18 06:26:06 	943	7.77	67.56	14.22	69.86	9	9
2022-03-18 06:26:41 	944	7.8	67.37	14.26	69.72	9	9
2022-03-18 06:27:23 	945	7.81	67.06	14.26	69.57	9	9
2022-03-18 06:28:08 	946	7.8	66.72	14.26	69.68	9	9
2022-03-18 06:28:38 	947	7.8	66.72	14.26	69.72	9	9
2022-03-18 06:29:10 	948	7.8	66.81	14.27	69.36	9	9
2022-03-18 06:29:52 	949	7.8	66.84	14.24	69.77	9	9
2022-03-18 06:30:29 	950	7.8	66.7	14.24	70.24	9	9
2022-03-18 06:30:59 	951	7.81	66.6	14.28	69.84	9	9
2022-03-18 06:31:39 	952	7.84	66.61	14.27	69.54	9	9
2022-03-18 06:32:11 	953	7.87	66.62	14.24	69.8	9	9
2022-03-18 06:32:50 	954	7.8	66.46	14.26	70.01	9	9
2022-03-18 06:33:25 	955	7.78	66.81	14.28	69.6	9	9
2022-03-18 06:34:05 	956	7.74	67.4	14.3	69.4	9	9
2022-03-18 06:34:44 	957	7.84	67.06	14.3	69.58	9	9
                                                   