2023-05-21 18:54:48 DateTime	Entry	Power	Temperature_outside	Humidity_outside	Temperature_inside	Humidity_inside	CorrectReadingsIn	CorrectReadingsOut
2023-05-21 19:01:34 	1	-222.0	-222.0	18.44	68.86	9	9
2023-05-21 19:08:25 	2	-222.0	-222.0	18.23	70.22	9	9
2023-05-21 19:16:26 	3	-222.0	-222.0	17.77	71.14	9	9
2023-05-21 19:24:00 	4	-222.0	-222.0	21.51	62.94	9	9
2023-05-21 19:36:57 	5	-222.0	-222.0	-222.0	-222.0	9	9
2023-05-21 19:49:55 	6	-222.0	-222.0	-222.0	-222.0	9	9
2023-05-21 20:02:53 	7	-222.0	-222.0	-222.0	-222.0	9	9
2023-05-21 20:15:50 	8	-222.0	-222.0	-222.0	-222.0	9	9
2023-05-21 20:28:48 	9	-222.0	-222.0	-222.0	-222.0	9	9
2023-05-21 20:41:46 	10	-222.0	-222.0	-222.0	-222.0	9	9
2023-05-21 20:54:43 	11	-222.0	-222.0	-222.0	-222.0	9	9
2023-05-21 21:07:41 	12	-222.0	-222.0	-222.0	-222.0	9	9
2023-05-21 21:20:39 	13	-222.0	-222.0	-222.0	-222.0	9	9
2023-05-21 21:33:36 	14	-222.0	-222.0	-222.0	-222.0	9	9
2023-05-21 21:46:34 	15	-222.0	-222.0	-222.0	-222.0	9	9
2023-05-21 21:59:32 	16	-222.0	-222.0	-222.0	-222.0	9	9
2023-05-21 22:12:29 	17	-222.0	-222.0	-222.0	-222.0	9	9
2023-05-21 22:25:27 	18	-222.0	-222.0	-222.0	-222.0	9	9
2023-05-21 22:38:25 	19	-222.0	-222.0	-222.0	-222.0	9	9
2023-05-21 22:51:22 	20	-222.0	-222.0	-222.0	-222.0	9	9
2023-05-21 23:04:20 	21	-222.0	-222.0	-222.0	-222.0	9	9
2023-05-21 23:17:18 	22	-222.0	-222.0	-222.0	-222.0	9	9
2023-05-21 23:30:15 	23	-222.0	-222.0	-222.0	-222.0	9	9
2023-05-21 23:43:13 	24	-222.0	-222.0	-222.0	-222.0	9	9
2023-05-21 23:56:11 	25	-222.0	-222.0	-222.0	-222.0	9	9
2023-05-22 00:09:08 	26	-222.0	-222.0	-222.0	-222.0	9	9
2023-05-22 00:22:06 	27	-222.0	-222.0	-222.0	-222.0	9	9
2023-05-22 00:35:04 	28	-222.0	-222.0	-222.0	-222.0	9	9
2023-05-22 00:48:01 	29	-222.0	-222.0	-222.0	-222.0	9	9
2023-05-22 01:00:59 	30	-222.0	-222.0	-222.0	-222.0	9	9
2023-05-22 01:13:57 	31	-222.0	-222.0	-222.0	-222.0	9	9
2023-05-22 01:26:54 	32	-222.0	-222.0	-222.0	-222.0	9	9
2023-05-22 01:39:52 	33	-222.0	-222.0	-222.0	-222.0	9	9
2023-05-22 01:52:50 	34	-222.0	-222.0	-222.0	-222.0	9	9
2023-05-22 02:05:48 	35	-222.0	-222.0	-222.0	-222.0	9	9
2023-05-22 02:18:45 	36	-222.0	-222.0	-222.0	-222.0	9	9
2023-05-22 02:31:43 	37	-222.0	-222.0	-222.0	-222.0	9	9
2023-05-22 02:44:41 	38	-222.0	-222.0	-222.0	-222.0	9	9
2023-05-22 02:57:38 	39	-222.0	-222.0	-222.0	-222.0	9	9
2023-05-22 03:10:36 	40	-222.0	-222.0	-222.0	-222.0	9	9
2023-05-22 03:23:34 	41	-222.0	-222.0	-222.0	-222.0	9	9
2023-05-22 03:36:31 	42	-222.0	-222.0	-222.0	-222.0	9	9
2023-05-22 03:49:29 	43	-222.0	-222.0	-222.0	-222.0	9	9
2023-05-22 04:02:27 	44	-222.0	-222.0	-222.0	-222.0	9	9
2023-05-22 04:15:24 	45	-222.0	-222.0	-222.0	-222.0	9	9
2023-05-22 04:28:22 	46	-222.0	-222.0	-222.0	-222.0	9	9
2023-05-22 04:41:20 	47	-222.0	-222.0	-222.0	-222.0	9	9
2023-05-22 04:54:17 	48	-222.0	-222.0	-222.0	-222.0	9	9
2023-05-22 05:07:15 	49	-222.0	-222.0	-222.0	-222.0	9	9
2023-05-22 05:20:13 	50	-222.0	-222.0	-222.0	-222.0	9	9
2023-05-22 05:33:10 	51	-222.0	-222.0	-222.0	-222.0	9	9
2023-05-22 05:46:08 	52	-222.0	-222.0	-222.0	-222.0	9	9
2023-05-22 05:59:06 	53	-222.0	-222.0	-222.0	-222.0	9	9
2023-05-22 06:12:03 	54	-222.0	-222.0	-222.0	-222.0	9	9
2023-05-22 06:25:01 	55	-222.0	-222.0	-222.0	-222.0	9	9
2023-05-22 06:37:59 	56	-222.0	-222.0	-222.0	-222.0	9	9
2023-05-22 06:50:56 	57	-222.0	-222.0	-222.0	-222.0	9	9
2023-05-22 07:03:54 	58	-222.0	-222.0	-222.0	-222.0	9	9
2023-05-22 07:16:52 	59	-222.0	-222.0	-222.0	-222.0	9	9
2023-05-22 07:29:49 	60	-222.0	-222.0	-222.0	-222.0	9	9
2023-05-22 07:42:47 	61	-222.0	-222.0	-222.0	-222.0	9	9
2023-05-22 07:55:45 	62	-222.0	-222.0	-222.0	-222.0	9	9
2023-05-22 08:08:42 	63	-222.0	-222.0	-222.0	-222.0	9	9
2023-05-22 08:21:40 	64	-222.0	-222.0	-222.0	-222.0	9	9
2023-05-22 08:34:38 	65	-222.0	-222.0	-222.0	-222.0	9	9
2023-05-22 08:47:35 	66	-222.0	-222.0	-222.0	-222.0	9	9
2023-05-22 09:00:33 	67	-222.0	-222.0	-222.0	-222.0	9	9
2023-05-22 09:13:31 	68	-222.0	-222.0	-222.0	-222.0	9	9
2023-05-22 09:26:28 	69	-222.0	-222.0	-222.0	-222.0	9	9
2023-05-22 09:39:26 	70	-222.0	-222.0	-222.0	-222.0	9	9
2023-05-22 09:52:24 	71	-222.0	-222.0	-222.0	-222.0	9	9
2023-05-22 10:05:21 	72	-222.0	-222.0	-222.0	-222.0	9	9
2023-05-22 10:18:19 	73	-222.0	-222.0	-222.0	-222.0	9	9
2023-05-22 10:31:17 	74	-222.0	-222.0	-222.0	-222.0	9	9
2023-05-22 10:44:14 	75	-222.0	-222.0	-222.0	-222.0	9	9
2023-05-22 10:57:12 	76	-222.0	-222.0	-222.0	-222.0	9	9
2023-05-22 11:10:10 	77	-222.0	-222.0	-222.0	-222.0	9	9
2023-05-22 11:23:07 	78	-222.0	-222.0	-222.0	-222.0	9	9
2023-05-22 11:36:05 	79	-222.0	-222.0	-222.0	-222.0	9	9
2023-05-22 11:49:03 	80	-222.0	-222.0	-222.0	-222.0	9	9
2023-05-22 12:02:00 	81	-222.0	-222.0	-222.0	-222.0	9	9
2023-05-22 12:14:58 	82	-222.0	-222.0	-222.0	-222.0	9	9
2023-05-22 12:27:56 	83	-222.0	-222.0	-222.0	-222.0	9	9
2023-05-22 12:40:53 	84	-222.0	-222.0	-222.0	-222.0	9	9
2023-05-22 12:53:51 	85	-222.0	-222.0	-222.0	-222.0	9	9
2023-05-22 13:06:49 	86	-222.0	-222.0	-222.0	-222.0	9	9
2023-05-22 13:19:46 	87	-222.0	-222.0	-222.0	-222.0	9	9
2023-05-22 13:32:44 	88	-222.0	-222.0	-222.0	-222.0	9	9
2023-05-22 13:45:42 	89	-222.0	-222.0	-222.0	-222.0	9	9
2023-05-22 13:58:39 	90	-222.0	-222.0	-222.0	-222.0	9	9
2023-05-22 14:11:37 	91	-222.0	-222.0	-222.0	-222.0	9	9
2023-05-22 14:24:35 	92	-222.0	-222.0	-222.0	-222.0	9	9
2023-05-22 14:37:32 	93	-222.0	-222.0	-222.0	-222.0	9	9
2023-05-22 14:50:30 	94	-222.0	-222.0	-222.0	-222.0	9	9
2023-05-22 15:03:28 	95	-222.0	-222.0	-222.0	-222.0	9	9
2023-05-22 15:16:25 	96	-222.0	-222.0	-222.0	-222.0	9	9
2023-05-22 15:29:23 	97	-222.0	-222.0	-222.0	-222.0	9	9
2023-05-22 15:42:20 	98	-222.0	-222.0	-222.0	-222.0	9	9
2023-05-22 15:55:18 	99	-222.0	-222.0	-222.0	-222.0	9	9
2023-05-22 16:08:16 	100	-222.0	-222.0	-222.0	-222.0	9	9
2023-05-22 16:21:13 	101	-222.0	-222.0	-222.0	-222.0	9	9
2023-05-22 16:34:11 	102	-222.0	-222.0	-222.0	-222.0	9	9
2023-05-22 16:47:09 	103	-222.0	-222.0	-222.0	-222.0	9	9
2023-05-22 17:00:06 	104	-222.0	-222.0	-222.0	-222.0	9	9
2023-05-22 17:13:04 	105	-222.0	-222.0	-222.0	-222.0	9	9
2023-05-22 17:26:02 	106	-222.0	-222.0	-222.0	-222.0	9	9
2023-05-22 17:38:59 	107	-222.0	-222.0	-222.0	-222.0	9	9
2023-05-22 17:51:57 	108	-222.0	-222.0	-222.0	-222.0	9	9
2023-05-22 18:04:55 	109	-222.0	-222.0	-222.0	-222.0	9	9
2023-05-22 18:17:52 	110	-222.0	-222.0	-222.0	-222.0	9	9
2023-05-22 18:30:50 	111	-222.0	-222.0	-222.0	-222.0	9	9
2023-05-22 18:43:48 	112	-222.0	-222.0	-222.0	-222.0	9	9
2023-05-22 18:56:45 	113	-222.0	-222.0	-222.0	-222.0	9	9
2023-05-22 19:09:43 	114	-222.0	-222.0	-222.0	-222.0	9	9
2023-05-22 19:22:41 	115	-222.0	-222.0	-222.0	-222.0	9	9
2023-05-22 19:35:38 	116	-222.0	-222.0	-222.0	-222.0	9	9
2023-05-22 19:48:36 	117	-222.0	-222.0	-222.0	-222.0	9	9
2023-05-22 20:01:34 	118	-222.0	-222.0	-222.0	-222.0	9	9
2023-05-22 20:14:31 	119	-222.0	-222.0	-222.0	-222.0	9	9
2023-05-22 20:27:29 	120	-222.0	-222.0	-222.0	-222.0	9	9
2023-05-22 20:40:27 	121	-222.0	-222.0	-222.0	-222.0	9	9
2023-05-22 20:53:24 	122	-222.0	-222.0	-222.0	-222.0	9	9
2023-05-22 21:06:22 	123	-222.0	-222.0	-222.0	-222.0	9	9
2023-05-22 21:19:20 	124	-222.0	-222.0	-222.0	-222.0	9	9
2023-05-22 21:32:17 	125	-222.0	-222.0	-222.0	-222.0	9	9
2023-05-22 21:45:15 	126	-222.0	-222.0	-222.0	-222.0	9	9
2023-05-22 21:58:13 	127	-222.0	-222.0	-222.0	-222.0	9	9
2023-05-22 22:11:10 	128	-222.0	-222.0	-222.0	-222.0	9	9
2023-05-22 22:24:08 	129	-222.0	-222.0	-222.0	-222.0	9	9
2023-05-22 22:37:06 	130	-222.0	-222.0	-222.0	-222.0	9	9
2023-05-22 22:50:03 	131	-222.0	-222.0	-222.0	-222.0	9	9
2023-05-22 23:03:01 	132	-222.0	-222.0	-222.0	-222.0	9	9
2023-05-22 23:15:59 	133	-222.0	-222.0	-222.0	-222.0	9	9
2023-05-22 23:28:56 	134	-222.0	-222.0	-222.0	-222.0	9	9
2023-05-22 23:41:54 	135	-222.0	-222.0	-222.0	-222.0	9	9
2023-05-22 23:54:52 	136	-222.0	-222.0	-222.0	-222.0	9	9
2023-05-23 00:07:49 	137	-222.0	-222.0	-222.0	-222.0	9	9
2023-05-23 00:20:47 	138	-222.0	-222.0	-222.0	-222.0	9	9
2023-05-23 00:33:45 	139	-222.0	-222.0	-222.0	-222.0	9	9
2023-05-23 00:46:42 	140	-222.0	-222.0	-222.0	-222.0	9	9
2023-05-23 00:59:40 	141	-222.0	-222.0	-222.0	-222.0	9	9
2023-05-23 01:12:38 	142	-222.0	-222.0	-222.0	-222.0	9	9
2023-05-23 01:25:35 	143	-222.0	-222.0	-222.0	-222.0	9	9
2023-05-23 01:38:33 	144	-222.0	-222.0	-222.0	-222.0	9	9
2023-05-23 01:51:31 	145	-222.0	-222.0	-222.0	-222.0	9	9
2023-05-23 02:04:28 	146	-222.0	-222.0	-222.0	-222.0	9	9
2023-05-23 02:17:26 	147	-222.0	-222.0	-222.0	-222.0	9	9
2023-05-23 02:30:24 	148	-222.0	-222.0	-222.0	-222.0	9	9
2023-05-23 02:43:21 	149	-222.0	-222.0	-222.0	-222.0	9	9
2023-05-23 02:56:19 	150	-222.0	-222.0	-222.0	-222.0	9	9
2023-05-23 03:09:17 	151	-222.0	-222.0	-222.0	-222.0	9	9
2023-05-23 03:22:15 	152	-222.0	-222.0	-222.0	-222.0	9	9
2023-05-23 03:35:12 	153	-222.0	-222.0	-222.0	-222.0	9	9
2023-05-23 03:48:10 	154	-222.0	-222.0	-222.0	-222.0	9	9
2023-05-23 04:01:08 	155	-222.0	-222.0	-222.0	-222.0	9	9
2023-05-23 04:14:05 	156	-222.0	-222.0	-222.0	-222.0	9	9
2023-05-23 04:27:03 	157	-222.0	-222.0	-222.0	-222.0	9	9
2023-05-23 04:40:01 	158	-222.0	-222.0	-222.0	-222.0	9	9
2023-05-23 04:52:58 	159	-222.0	-222.0	-222.0	-222.0	9	9
2023-05-23 05:05:56 	160	-222.0	-222.0	-222.0	-222.0	9	9
2023-05-23 05:18:54 	161	-222.0	-222.0	-222.0	-222.0	9	9
2023-05-23 05:31:51 	162	-222.0	-222.0	-222.0	-222.0	9	9
2023-05-23 05:44:49 	163	-222.0	-222.0	-222.0	-222.0	9	9
2023-05-23 05:57:47 	164	-222.0	-222.0	-222.0	-222.0	9	9
2023-05-23 06:10:44 	165	-222.0	-222.0	-222.0	-222.0	9	9
2023-05-23 06:23:42 	166	-222.0	-222.0	-222.0	-222.0	9	9
2023-05-23 06:36:40 	167	-222.0	-222.0	-222.0	-222.0	9	9
2023-05-23 06:49:37 	168	-222.0	-222.0	-222.0	-222.0	9	9
2023-05-23 07:02:35 	169	-222.0	-222.0	-222.0	-222.0	9	9
2023-05-23 07:15:33 	170	-222.0	-222.0	-222.0	-222.0	9	9
2023-05-23 07:28:30 	171	-222.0	-222.0	-222.0	-222.0	9	9
2023-05-23 07:41:28 	172	-222.0	-222.0	-222.0	-222.0	9	9
2023-05-23 07:54:26 	173	-222.0	-222.0	-222.0	-222.0	9	9
2023-05-23 08:07:23 	174	-222.0	-222.0	-222.0	-222.0	9	9
2023-05-23 08:20:21 	175	-222.0	-222.0	-222.0	-222.0	9	9
2023-05-23 08:33:19 	176	-222.0	-222.0	-222.0	-222.0	9	9
2023-05-23 08:46:16 	177	-222.0	-222.0	-222.0	-222.0	9	9
2023-05-23 08:59:14 	178	-222.0	-222.0	-222.0	-222.0	9	9
2023-05-23 09:12:12 	179	-222.0	-222.0	-222.0	-222.0	9	9
2023-05-23 09:25:09 	180	-222.0	-222.0	-222.0	-222.0	9	9
2023-05-23 09:38:07 	181	-222.0	-222.0	-222.0	-222.0	9	9
2023-05-23 09:51:05 	182	-222.0	-222.0	-222.0	-222.0	9	9
2023-05-23 10:04:02 	183	-222.0	-222.0	-222.0	-222.0	9	9
2023-05-23 10:17:00 	184	-222.0	-222.0	-222.0	-222.0	9	9
2023-05-23 10:29:58 	185	-222.0	-222.0	-222.0	-222.0	9	9
2023-05-23 10:42:55 	186	-222.0	-222.0	-222.0	-222.0	9	9
2023-05-23 10:55:53 	187	-222.0	-222.0	-222.0	-222.0	9	9
2023-05-23 11:08:51 	188	-222.0	-222.0	-222.0	-222.0	9	9
2023-05-23 11:21:48 	189	-222.0	-222.0	-222.0	-222.0	9	9
2023-05-23 11:34:46 	190	-222.0	-222.0	-222.0	-222.0	9	9
2023-05-23 11:47:44 	191	-222.0	-222.0	-222.0	-222.0	9	9
2023-05-23 12:00:41 	192	-222.0	-222.0	-222.0	-222.0	9	9
2023-05-23 12:13:39 	193	-222.0	-222.0	-222.0	-222.0	9	9
2023-05-23 12:26:37 	194	-222.0	-222.0	-222.0	-222.0	9	9
2023-05-23 12:39:34 	195	-222.0	-222.0	-222.0	-222.0	9	9
2023-05-23 12:52:32 	196	-222.0	-222.0	-222.0	-222.0	9	9
2023-05-23 13:05:30 	197	-222.0	-222.0	-222.0	-222.0	9	9
2023-05-23 13:18:27 	198	-222.0	-222.0	-222.0	-222.0	9	9
2023-05-23 13:31:25 	199	-222.0	-222.0	-222.0	-222.0	9	9
2023-05-23 13:44:23 	200	-222.0	-222.0	-222.0	-222.0	9	9
2023-05-23 13:57:20 	201	-222.0	-222.0	-222.0	-222.0	9	9
2023-05-23 14:10:18 	202	-222.0	-222.0	-222.0	-222.0	9	9
2023-05-23 14:23:16 	203	-222.0	-222.0	-222.0	-222.0	9	9
2023-05-23 14:36:13 	204	-222.0	-222.0	-222.0	-222.0	9	9
2023-05-23 14:49:11 	205	-222.0	-222.0	-222.0	-222.0	9	9
2023-05-23 15:02:09 	206	-222.0	-222.0	-222.0	-222.0	9	9
2023-05-23 15:15:06 	207	-222.0	-222.0	-222.0	-222.0	9	9
2023-05-23 15:28:04 	208	-222.0	-222.0	-222.0	-222.0	9	9
2023-05-23 15:41:02 	209	-222.0	-222.0	-222.0	-222.0	9	9
2023-05-23 15:53:59 	210	-222.0	-222.0	-222.0	-222.0	9	9
2023-05-23 16:06:57 	211	-222.0	-222.0	-222.0	-222.0	9	9
2023-05-23 16:19:55 	212	-222.0	-222.0	-222.0	-222.0	9	9
2023-05-23 16:32:52 	213	-222.0	-222.0	-222.0	-222.0	9	9
2023-05-23 16:45:50 	214	-222.0	-222.0	-222.0	-222.0	9	9
2023-05-23 16:58:48 	215	-222.0	-222.0	-222.0	-222.0	9	9
2023-05-23 17:11:45 	216	-222.0	-222.0	-222.0	-222.0	9	9
2023-05-23 17:24:43 	217	-222.0	-222.0	-222.0	-222.0	9	9
2023-05-23 17:37:41 	218	-222.0	-222.0	-222.0	-222.0	9	9
2023-05-23 17:50:38 	219	-222.0	-222.0	-222.0	-222.0	9	9
2023-05-23 18:03:36 	220	-222.0	-222.0	-222.0	-222.0	9	9
2023-05-23 18:16:34 	221	-222.0	-222.0	-222.0	-222.0	9	9
2023-05-23 18:29:31 	222	-222.0	-222.0	-222.0	-222.0	9	9
2023-05-23 18:42:29 	223	-222.0	-222.0	-222.0	-222.0	9	9
2023-05-23 18:55:27 	224	-222.0	-222.0	-222.0	-222.0	9	9
2023-05-23 19:08:24 	225	-222.0	-222.0	-222.0	-222.0	9	9
2023-05-23 19:21:22 	226	-222.0	-222.0	-222.0	-222.0	9	9
2023-05-23 19:34:20 	227	-222.0	-222.0	-222.0	-222.0	9	9
2023-05-23 19:47:17 	228	-222.0	-222.0	-222.0	-222.0	9	9
2023-05-23 20:00:15 	229	-222.0	-222.0	-222.0	-222.0	9	9
2023-05-23 20:13:13 	230	-222.0	-222.0	-222.0	-222.0	9	9
2023-05-23 20:26:10 	231	-222.0	-222.0	-222.0	-222.0	9	9
2023-05-23 20:39:08 	232	-222.0	-222.0	-222.0	-222.0	9	9
2023-05-23 20:52:06 	233	-222.0	-222.0	-222.0	-222.0	9	9
2023-05-23 21:05:03 	234	-222.0	-222.0	-222.0	-222.0	9	9
2023-05-23 21:18:01 	235	-222.0	-222.0	-222.0	-222.0	9	9
2023-05-23 21:30:59 	236	-222.0	-222.0	-222.0	-222.0	9	9
2023-05-23 21:43:56 	237	-222.0	-222.0	-222.0	-222.0	9	9
2023-05-23 21:56:54 	238	-222.0	-222.0	-222.0	-222.0	9	9
2023-05-23 22:09:52 	239	-222.0	-222.0	-222.0	-222.0	9	9
2023-05-23 22:22:49 	240	-222.0	-222.0	-222.0	-222.0	9	9
2023-05-23 22:35:47 	241	-222.0	-222.0	-222.0	-222.0	9	9
2023-05-23 22:48:44 	242	-222.0	-222.0	-222.0	-222.0	9	9
2023-05-23 23:01:42 	243	-222.0	-222.0	-222.0	-222.0	9	9
2023-05-23 23:14:40 	244	-222.0	-222.0	-222.0	-222.0	9	9
2023-05-23 23:27:37 	245	-222.0	-222.0	-222.0	-222.0	9	9
2023-05-23 23:40:35 	246	-222.0	-222.0	-222.0	-222.0	9	9
2023-05-23 23:53:33 	247	-222.0	-222.0	-222.0	-222.0	9	9
2023-05-24 00:06:31 	248	-222.0	-222.0	-222.0	-222.0	9	9
2023-05-24 00:19:28 	249	-222.0	-222.0	-222.0	-222.0	9	9
2023-05-24 00:32:26 	250	-222.0	-222.0	-222.0	-222.0	9	9
2023-05-24 00:45:24 	251	-222.0	-222.0	-222.0	-222.0	9	9
2023-05-24 00:58:21 	252	-222.0	-222.0	-222.0	-222.0	9	9
2023-05-24 01:11:19 	253	-222.0	-222.0	-222.0	-222.0	9	9
2023-05-24 01:24:17 	254	-222.0	-222.0	-222.0	-222.0	9	9
2023-05-24 01:37:14 	255	-222.0	-222.0	-222.0	-222.0	9	9
2023-05-24 01:50:12 	256	-222.0	-222.0	-222.0	-222.0	9	9
2023-05-24 02:03:10 	257	-222.0	-222.0	-222.0	-222.0	9	9
2023-05-24 02:16:07 	258	-222.0	-222.0	-222.0	-222.0	9	9
2023-05-24 02:29:05 	259	-222.0	-222.0	-222.0	-222.0	9	9
2023-05-24 02:42:03 	260	-222.0	-222.0	-222.0	-222.0	9	9
2023-05-24 02:55:00 	261	-222.0	-222.0	-222.0	-222.0	9	9
2023-05-24 03:07:58 	262	-222.0	-222.0	-222.0	-222.0	9	9
2023-05-24 03:20:56 	263	-222.0	-222.0	-222.0	-222.0	9	9
2023-05-24 03:33:53 	264	-222.0	-222.0	-222.0	-222.0	9	9
2023-05-24 03:46:51 	265	-222.0	-222.0	-222.0	-222.0	9	9
2023-05-24 03:59:49 	266	-222.0	-222.0	-222.0	-222.0	9	9
2023-05-24 04:12:46 	267	-222.0	-222.0	-222.0	-222.0	9	9
2023-05-24 04:25:44 	268	-222.0	-222.0	-222.0	-222.0	9	9
2023-05-24 04:38:42 	269	-222.0	-222.0	-222.0	-222.0	9	9
2023-05-24 04:51:39 	270	-222.0	-222.0	-222.0	-222.0	9	9
2023-05-24 05:04:37 	271	-222.0	-222.0	-222.0	-222.0	9	9
2023-05-24 05:17:35 	272	-222.0	-222.0	-222.0	-222.0	9	9
2023-05-24 05:30:32 	273	-222.0	-222.0	-222.0	-222.0	9	9
2023-05-24 05:43:30 	274	-222.0	-222.0	-222.0	-222.0	9	9
2023-05-24 05:56:28 	275	-222.0	-222.0	-222.0	-222.0	9	9
2023-05-24 06:09:25 	276	-222.0	-222.0	-222.0	-222.0	9	9
2023-05-24 06:22:23 	277	-222.0	-222.0	-222.0	-222.0	9	9
2023-05-24 06:35:21 	278	-222.0	-222.0	-222.0	-222.0	9	9
2023-05-24 06:48:18 	279	-222.0	-222.0	-222.0	-222.0	9	9
2023-05-24 07:01:16 	280	-222.0	-222.0	-222.0	-222.0	9	9
2023-05-24 07:14:14 	281	-222.0	-222.0	-222.0	-222.0	9	9
2023-05-24 07:27:11 	282	-222.0	-222.0	-222.0	-222.0	9	9
2023-05-24 07:40:09 	283	-222.0	-222.0	-222.0	-222.0	9	9
2023-05-24 07:53:07 	284	-222.0	-222.0	-222.0	-222.0	9	9
2023-05-24 08:06:04 	285	-222.0	-222.0	-222.0	-222.0	9	9
2023-05-24 08:19:02 	286	-222.0	-222.0	-222.0	-222.0	9	9
2023-05-24 08:32:00 	287	-222.0	-222.0	-222.0	-222.0	9	9
2023-05-24 08:44:57 	288	-222.0	-222.0	-222.0	-222.0	9	9
2023-05-24 08:57:55 	289	-222.0	-222.0	-222.0	-222.0	9	9
2023-05-24 09:10:53 	290	-222.0	-222.0	-222.0	-222.0	9	9
2023-05-24 09:23:50 	291	-222.0	-222.0	-222.0	-222.0	9	9
2023-05-24 09:36:48 	292	-222.0	-222.0	-222.0	-222.0	9	9
2023-05-24 09:49:46 	293	-222.0	-222.0	-222.0	-222.0	9	9
2023-05-24 10:02:43 	294	-222.0	-222.0	-222.0	-222.0	9	9
2023-05-24 10:15:41 	295	-222.0	-222.0	-222.0	-222.0	9	9
2023-05-24 10:28:39 	296	-222.0	-222.0	-222.0	-222.0	9	9
2023-05-24 10:41:36 	297	-222.0	-222.0	-222.0	-222.0	9	9
2023-05-24 10:54:34 	298	-222.0	-222.0	-222.0	-222.0	9	9
2023-05-24 11:07:32 	299	-222.0	-222.0	-222.0	-222.0	9	9
2023-05-24 11:20:29 	300	-222.0	-222.0	-222.0	-222.0	9	9
2023-05-24 11:33:27 	301	-222.0	-222.0	-222.0	-222.0	9	9
2023-05-24 11:46:25 	302	-222.0	-222.0	-222.0	-222.0	9	9
2023-05-24 11:59:22 	303	-222.0	-222.0	-222.0	-222.0	9	9
2023-05-24 12:12:20 	304	-222.0	-222.0	-222.0	-222.0	9	9
2023-05-24 12:25:18 	305	-222.0	-222.0	-222.0	-222.0	9	9
2023-05-24 12:38:15 	306	-222.0	-222.0	-222.0	-222.0	9	9
2023-05-24 12:51:13 	307	-222.0	-222.0	-222.0	-222.0	9	9
2023-05-24 13:04:11 	308	-222.0	-222.0	-222.0	-222.0	9	9
2023-05-24 13:17:08 	309	-222.0	-222.0	-222.0	-222.0	9	9
2023-05-24 13:30:06 	310	-222.0	-222.0	-222.0	-222.0	9	9
2023-05-24 13:43:04 	311	-222.0	-222.0	-222.0	-222.0	9	9
2023-05-24 13:56:01 	312	-222.0	-222.0	-222.0	-222.0	9	9
2023-05-24 14:08:59 	313	-222.0	-222.0	-222.0	-222.0	9	9
2023-05-24 14:21:57 	314	-222.0	-222.0	-222.0	-222.0	9	9
2023-05-24 14:34:54 	315	-222.0	-222.0	-222.0	-222.0	9	9
2023-05-24 14:47:52 	316	-222.0	-222.0	-222.0	-222.0	9	9
2023-05-24 15:00:50 	317	-222.0	-222.0	-222.0	-222.0	9	9
2023-05-24 15:13:47 	318	-222.0	-222.0	-222.0	-222.0	9	9
2023-05-24 15:26:45 	319	-222.0	-222.0	-222.0	-222.0	9	9
2023-05-24 15:39:43 	320	-222.0	-222.0	-222.0	-222.0	9	9
2023-05-24 15:52:40 	321	-222.0	-222.0	-222.0	-222.0	9	9
2023-05-24 16:05:38 	322	-222.0	-222.0	-222.0	-222.0	9	9
2023-05-24 16:18:36 	323	-222.0	-222.0	-222.0	-222.0	9	9
2023-05-24 16:31:33 	324	-222.0	-222.0	-222.0	-222.0	9	9
2023-05-24 16:44:31 	325	-222.0	-222.0	-222.0	-222.0	9	9
2023-05-24 16:57:29 	326	-222.0	-222.0	-222.0	-222.0	9	9
2023-05-24 17:10:26 	327	-222.0	-222.0	-222.0	-222.0	9	9
2023-05-24 17:23:24 	328	-222.0	-222.0	-222.0	-222.0	9	9
2023-05-24 17:36:22 	329	-222.0	-222.0	-222.0	-222.0	9	9
2023-05-24 17:49:19 	330	-222.0	-222.0	-222.0	-222.0	9	9
2023-05-24 18:02:17 	331	-222.0	-222.0	-222.0	-222.0	9	9
2023-05-24 18:15:15 	332	-222.0	-222.0	-222.0	-222.0	9	9
2023-05-24 18:28:12 	333	-222.0	-222.0	-222.0	-222.0	9	9
2023-05-24 18:41:10 	334	-222.0	-222.0	-222.0	-222.0	9	9
2023-05-24 18:54:08 	335	-222.0	-222.0	-222.0	-222.0	9	9
2023-05-24 19:07:05 	336	-222.0	-222.0	-222.0	-222.0	9	9
2023-05-24 19:20:03 	337	-222.0	-222.0	-222.0	-222.0	9	9
2023-05-24 19:33:01 	338	-222.0	-222.0	-222.0	-222.0	9	9
2023-05-24 19:45:58 	339	-222.0	-222.0	-222.0	-222.0	9	9
2023-05-24 19:58:56 	340	-222.0	-222.0	-222.0	-222.0	9	9
2023-05-24 20:11:54 	341	-222.0	-222.0	-222.0	-222.0	9	9
2023-05-24 20:24:51 	342	-222.0	-222.0	-222.0	-222.0	9	9
2023-05-24 20:37:49 	343	-222.0	-222.0	-222.0	-222.0	9	9
2023-05-24 20:50:47 	344	-222.0	-222.0	-222.0	-222.0	9	9
2023-05-24 21:03:44 	345	-222.0	-222.0	-222.0	-222.0	9	9
2023-05-24 21:16:42 	346	-222.0	-222.0	-222.0	-222.0	9	9
2023-05-24 21:29:40 	347	-222.0	-222.0	-222.0	-222.0	9	9
2023-05-24 21:42:37 	348	-222.0	-222.0	-222.0	-222.0	9	9
2023-05-24 21:55:35 	349	-222.0	-222.0	-222.0	-222.0	9	9
2023-05-24 22:08:33 	350	-222.0	-222.0	-222.0	-222.0	9	9
2023-05-24 22:21:30 	351	-222.0	-222.0	-222.0	-222.0	9	9
2023-05-24 22:34:28 	352	-222.0	-222.0	-222.0	-222.0	9	9
2023-05-24 22:47:26 	353	-222.0	-222.0	-222.0	-222.0	9	9
2023-05-24 23:00:23 	354	-222.0	-222.0	-222.0	-222.0	9	9
2023-05-24 23:13:21 	355	-222.0	-222.0	-222.0	-222.0	9	9
2023-05-24 23:26:19 	356	-222.0	-222.0	-222.0	-222.0	9	9
2023-05-24 23:39:16 	357	-222.0	-222.0	-222.0	-222.0	9	9
2023-05-24 23:52:14 	358	-222.0	-222.0	-222.0	-222.0	9	9
2023-05-25 00:05:12 	359	-222.0	-222.0	-222.0	-222.0	9	9
2023-05-25 00:18:09 	360	-222.0	-222.0	-222.0	-222.0	9	9
2023-05-25 00:31:07 	361	-222.0	-222.0	-222.0	-222.0	9	9
2023-05-25 00:44:05 	362	-222.0	-222.0	-222.0	-222.0	9	9
2023-05-25 00:57:02 	363	-222.0	-222.0	-222.0	-222.0	9	9
2023-05-25 01:10:00 	364	-222.0	-222.0	-222.0	-222.0	9	9
2023-05-25 01:22:58 	365	-222.0	-222.0	-222.0	-222.0	9	9
2023-05-25 01:35:55 	366	-222.0	-222.0	-222.0	-222.0	9	9
2023-05-25 01:48:53 	367	-222.0	-222.0	-222.0	-222.0	9	9
2023-05-25 02:01:51 	368	-222.0	-222.0	-222.0	-222.0	9	9
2023-05-25 02:14:48 	369	-222.0	-222.0	-222.0	-222.0	9	9
2023-05-25 02:27:46 	370	-222.0	-222.0	-222.0	-222.0	9	9
2023-05-25 02:40:44 	371	-222.0	-222.0	-222.0	-222.0	9	9
2023-05-25 02:53:41 	372	-222.0	-222.0	-222.0	-222.0	9	9
2023-05-25 03:06:39 	373	-222.0	-222.0	-222.0	-222.0	9	9
2023-05-25 03:19:37 	374	-222.0	-222.0	-222.0	-222.0	9	9
2023-05-25 03:32:34 	375	-222.0	-222.0	-222.0	-222.0	9	9
2023-05-25 03:45:32 	376	-222.0	-222.0	-222.0	-222.0	9	9
2023-05-25 03:58:30 	377	-222.0	-222.0	-222.0	-222.0	9	9
2023-05-25 04:11:27 	378	-222.0	-222.0	-222.0	-222.0	9	9
2023-05-25 04:24:25 	379	-222.0	-222.0	-222.0	-222.0	9	9
2023-05-25 04:37:23 	380	-222.0	-222.0	-222.0	-222.0	9	9
2023-05-25 04:50:20 	381	-222.0	-222.0	-222.0	-222.0	9	9
2023-05-25 05:03:18 	382	-222.0	-222.0	-222.0	-222.0	9	9
2023-05-25 05:16:16 	383	-222.0	-222.0	-222.0	-222.0	9	9
2023-05-25 05:29:13 	384	-222.0	-222.0	-222.0	-222.0	9	9
2023-05-25 05:42:11 	385	-222.0	-222.0	-222.0	-222.0	9	9
2023-05-25 05:55:09 	386	-222.0	-222.0	-222.0	-222.0	9	9
2023-05-25 06:08:06 	387	-222.0	-222.0	-222.0	-222.0	9	9
2023-05-25 06:21:04 	388	-222.0	-222.0	-222.0	-222.0	9	9
2023-05-25 06:34:02 	389	-222.0	-222.0	-222.0	-222.0	9	9
2023-05-25 06:46:59 	390	-222.0	-222.0	-222.0	-222.0	9	9
2023-05-25 06:59:57 	391	-222.0	-222.0	-222.0	-222.0	9	9
2023-05-25 07:12:55 	392	-222.0	-222.0	-222.0	-222.0	9	9
2023-05-25 07:25:52 	393	-222.0	-222.0	-222.0	-222.0	9	9
2023-05-25 07:38:50 	394	-222.0	-222.0	-222.0	-222.0	9	9
2023-05-25 07:51:48 	395	-222.0	-222.0	-222.0	-222.0	9	9
2023-05-25 08:04:45 	396	-222.0	-222.0	-222.0	-222.0	9	9
2023-05-25 08:17:43 	397	-222.0	-222.0	-222.0	-222.0	9	9
2023-05-25 08:30:41 	398	-222.0	-222.0	-222.0	-222.0	9	9
2023-05-25 08:43:38 	399	-222.0	-222.0	-222.0	-222.0	9	9
2023-05-25 08:56:36 	400	-222.0	-222.0	-222.0	-222.0	9	9
2023-05-25 09:09:34 	401	-222.0	-222.0	-222.0	-222.0	9	9
2023-05-25 09:22:31 	402	-222.0	-222.0	-222.0	-222.0	9	9
2023-05-25 09:35:29 	403	-222.0	-222.0	-222.0	-222.0	9	9
2023-05-25 09:48:27 	404	-222.0	-222.0	-222.0	-222.0	9	9
2023-05-25 10:01:24 	405	-222.0	-222.0	-222.0	-222.0	9	9
2023-05-25 10:14:22 	406	-222.0	-222.0	-222.0	-222.0	9	9
2023-05-25 10:27:20 	407	-222.0	-222.0	-222.0	-222.0	9	9
2023-05-25 10:40:17 	408	-222.0	-222.0	-222.0	-222.0	9	9
2023-05-25 10:53:15 	409	-222.0	-222.0	-222.0	-222.0	9	9
2023-05-25 11:06:12 	410	-222.0	-222.0	-222.0	-222.0	9	9
2023-05-25 11:19:10 	411	-222.0	-222.0	-222.0	-222.0	9	9
2023-05-25 11:32:07 	412	-222.0	-222.0	-222.0	-222.0	9	9
2023-05-25 11:45:05 	413	-222.0	-222.0	-222.0	-222.0	9	9
2023-05-25 11:58:03 	414	-222.0	-222.0	-222.0	-222.0	9	9
2023-05-25 12:11:00 	415	-222.0	-222.0	-222.0	-222.0	9	9
2023-05-25 12:23:58 	416	-222.0	-222.0	-222.0	-222.0	9	9
2023-05-25 12:36:56 	417	-222.0	-222.0	-222.0	-222.0	9	9
2023-05-25 12:49:53 	418	-222.0	-222.0	-222.0	-222.0	9	9
2023-05-25 13:02:51 	419	-222.0	-222.0	-222.0	-222.0	9	9
2023-05-25 13:15:49 	420	-222.0	-222.0	-222.0	-222.0	9	9
2023-05-25 13:28:46 	421	-222.0	-222.0	-222.0	-222.0	9	9
2023-05-25 13:41:44 	422	-222.0	-222.0	-222.0	-222.0	9	9
2023-05-25 13:54:42 	423	-222.0	-222.0	-222.0	-222.0	9	9
2023-05-25 14:07:39 	424	-222.0	-222.0	-222.0	-222.0	9	9
2023-05-25 14:20:37 	425	-222.0	-222.0	-222.0	-222.0	9	9
2023-05-25 14:33:35 	426	-222.0	-222.0	-222.0	-222.0	9	9
2023-05-25 14:46:32 	427	-222.0	-222.0	-222.0	-222.0	9	9
2023-05-25 14:59:30 	428	-222.0	-222.0	-222.0	-222.0	9	9
2023-05-25 15:12:28 	429	-222.0	-222.0	-222.0	-222.0	9	9
2023-05-25 15:25:25 	430	-222.0	-222.0	-222.0	-222.0	9	9
2023-05-25 15:38:23 	431	-222.0	-222.0	-222.0	-222.0	9	9
2023-05-25 15:51:21 	432	-222.0	-222.0	-222.0	-222.0	9	9
2023-05-25 16:04:18 	433	-222.0	-222.0	-222.0	-222.0	9	9
2023-05-25 16:17:16 	434	-222.0	-222.0	-222.0	-222.0	9	9
2023-05-25 16:30:14 	435	-222.0	-222.0	-222.0	-222.0	9	9
2023-05-25 16:43:11 	436	-222.0	-222.0	-222.0	-222.0	9	9
2023-05-25 16:56:09 	437	-222.0	-222.0	-222.0	-222.0	9	9
2023-05-25 17:09:07 	438	-222.0	-222.0	-222.0	-222.0	9	9
2023-05-25 17:22:04 	439	-222.0	-222.0	-222.0	-222.0	9	9
2023-05-25 17:35:02 	440	-222.0	-222.0	-222.0	-222.0	9	9
2023-05-25 17:48:00 	441	-222.0	-222.0	-222.0	-222.0	9	9
2023-05-25 18:00:57 	442	-222.0	-222.0	-222.0	-222.0	9	9
2023-05-25 18:13:55 	443	-222.0	-222.0	-222.0	-222.0	9	9
2023-05-25 18:26:53 	444	-222.0	-222.0	-222.0	-222.0	9	9
2023-05-25 18:39:50 	445	-222.0	-222.0	-222.0	-222.0	9	9
2023-05-25 18:52:48 	446	-222.0	-222.0	-222.0	-222.0	9	9
2023-05-25 19:05:45 	447	-222.0	-222.0	-222.0	-222.0	9	9
2023-05-25 19:18:43 	448	-222.0	-222.0	-222.0	-222.0	9	9
2023-05-25 19:31:41 	449	-222.0	-222.0	-222.0	-222.0	9	9
2023-05-25 19:44:39 	450	-222.0	-222.0	-222.0	-222.0	9	9
2023-05-25 19:57:36 	451	-222.0	-222.0	-222.0	-222.0	9	9
2023-05-25 20:10:34 	452	-222.0	-222.0	-222.0	-222.0	9	9
2023-05-25 20:23:31 	453	-222.0	-222.0	-222.0	-222.0	9	9
2023-05-25 20:36:29 	454	-222.0	-222.0	-222.0	-222.0	9	9
2023-05-25 20:49:27 	455	-222.0	-222.0	-222.0	-222.0	9	9
2023-05-25 21:02:24 	456	-222.0	-222.0	-222.0	-222.0	9	9
2023-05-25 21:15:22 	457	-222.0	-222.0	-222.0	-222.0	9	9
2023-05-25 21:28:20 	458	-222.0	-222.0	-222.0	-222.0	9	9
2023-05-25 21:41:17 	459	-222.0	-222.0	-222.0	-222.0	9	9
2023-05-25 21:54:15 	460	-222.0	-222.0	-222.0	-222.0	9	9
2023-05-25 22:07:13 	461	-222.0	-222.0	-222.0	-222.0	9	9
2023-05-25 22:20:10 	462	-222.0	-222.0	-222.0	-222.0	9	9
2023-05-25 22:33:08 	463	-222.0	-222.0	-222.0	-222.0	9	9
2023-05-25 22:46:06 	464	-222.0	-222.0	-222.0	-222.0	9	9
2023-05-25 22:59:03 	465	-222.0	-222.0	-222.0	-222.0	9	9
2023-05-25 23:12:01 	466	-222.0	-222.0	-222.0	-222.0	9	9
2023-05-25 23:24:59 	467	-222.0	-222.0	-222.0	-222.0	9	9
2023-05-25 23:37:56 	468	-222.0	-222.0	-222.0	-222.0	9	9
2023-05-25 23:50:54 	469	-222.0	-222.0	-222.0	-222.0	9	9
2023-05-26 00:03:52 	470	-222.0	-222.0	-222.0	-222.0	9	9
2023-05-26 00:16:49 	471	-222.0	-222.0	-222.0	-222.0	9	9
2023-05-26 00:29:47 	472	-222.0	-222.0	-222.0	-222.0	9	9
2023-05-26 00:42:45 	473	-222.0	-222.0	-222.0	-222.0	9	9
2023-05-26 00:55:42 	474	-222.0	-222.0	-222.0	-222.0	9	9
2023-05-26 01:08:40 	475	-222.0	-222.0	-222.0	-222.0	9	9
2023-05-26 01:21:38 	476	-222.0	-222.0	-222.0	-222.0	9	9
2023-05-26 01:34:35 	477	-222.0	-222.0	-222.0	-222.0	9	9
2023-05-26 01:47:33 	478	-222.0	-222.0	-222.0	-222.0	9	9
2023-05-26 02:00:31 	479	-222.0	-222.0	-222.0	-222.0	9	9
2023-05-26 02:13:29 	480	-222.0	-222.0	-222.0	-222.0	9	9
2023-05-26 02:26:26 	481	-222.0	-222.0	-222.0	-222.0	9	9
2023-05-26 02:39:24 	482	-222.0	-222.0	-222.0	-222.0	9	9
2023-05-26 02:52:22 	483	-222.0	-222.0	-222.0	-222.0	9	9
2023-05-26 03:05:19 	484	-222.0	-222.0	-222.0	-222.0	9	9
2023-05-26 03:18:17 	485	-222.0	-222.0	-222.0	-222.0	9	9
2023-05-26 03:31:15 	486	-222.0	-222.0	-222.0	-222.0	9	9
2023-05-26 03:44:12 	487	-222.0	-222.0	-222.0	-222.0	9	9
2023-05-26 03:57:10 	488	-222.0	-222.0	-222.0	-222.0	9	9
2023-05-26 04:10:08 	489	-222.0	-222.0	-222.0	-222.0	9	9
2023-05-26 04:23:05 	490	-222.0	-222.0	-222.0	-222.0	9	9
2023-05-26 04:36:03 	491	-222.0	-222.0	-222.0	-222.0	9	9
2023-05-26 04:49:01 	492	-222.0	-222.0	-222.0	-222.0	9	9
2023-05-26 05:01:58 	493	-222.0	-222.0	-222.0	-222.0	9	9
2023-05-26 05:14:56 	494	-222.0	-222.0	-222.0	-222.0	9	9
2023-05-26 05:27:54 	495	-222.0	-222.0	-222.0	-222.0	9	9
2023-05-26 05:40:51 	496	-222.0	-222.0	-222.0	-222.0	9	9
2023-05-26 05:53:49 	497	-222.0	-222.0	-222.0	-222.0	9	9
2023-05-26 06:06:47 	498	-222.0	-222.0	-222.0	-222.0	9	9
2023-05-26 06:19:44 	499	-222.0	-222.0	-222.0	-222.0	9	9
2023-05-26 06:32:42 	500	-222.0	-222.0	-222.0	-222.0	9	9
2023-05-26 06:45:40 	501	-222.0	-222.0	-222.0	-222.0	9	9
2023-05-26 06:58:37 	502	-222.0	-222.0	-222.0	-222.0	9	9
2023-05-26 07:11:35 	503	-222.0	-222.0	-222.0	-222.0	9	9
2023-05-26 07:24:33 	504	-222.0	-222.0	-222.0	-222.0	9	9
2023-05-26 07:37:30 	505	-222.0	-222.0	-222.0	-222.0	9	9
2023-05-26 07:50:28 	506	-222.0	-222.0	-222.0	-222.0	9	9
2023-05-26 08:03:26 	507	-222.0	-222.0	-222.0	-222.0	9	9
2023-05-26 08:16:23 	508	-222.0	-222.0	-222.0	-222.0	9	9
2023-05-26 08:29:21 	509	-222.0	-222.0	-222.0	-222.0	9	9
2023-05-26 08:42:19 	510	-222.0	-222.0	-222.0	-222.0	9	9
2023-05-26 08:55:16 	511	-222.0	-222.0	-222.0	-222.0	9	9
2023-05-26 09:08:14 	512	-222.0	-222.0	-222.0	-222.0	9	9
2023-05-26 09:21:12 	513	-222.0	-222.0	-222.0	-222.0	9	9
2023-05-26 09:34:09 	514	-222.0	-222.0	-222.0	-222.0	9	9
2023-05-26 09:47:07 	515	-222.0	-222.0	-222.0	-222.0	9	9
2023-05-26 10:00:05 	516	-222.0	-222.0	-222.0	-222.0	9	9
2023-05-26 10:13:02 	517	-222.0	-222.0	-222.0	-222.0	9	9
2023-05-26 10:26:00 	518	-222.0	-222.0	-222.0	-222.0	9	9
2023-05-26 10:38:58 	519	-222.0	-222.0	-222.0	-222.0	9	9
2023-05-26 10:51:55 	520	-222.0	-222.0	-222.0	-222.0	9	9
2023-05-26 11:04:53 	521	-222.0	-222.0	-222.0	-222.0	9	9
2023-05-26 11:17:51 	522	-222.0	-222.0	-222.0	-222.0	9	9
2023-05-26 11:30:48 	523	-222.0	-222.0	-222.0	-222.0	9	9
2023-05-26 11:43:46 	524	-222.0	-222.0	-222.0	-222.0	9	9
2023-05-26 11:56:44 	525	-222.0	-222.0	-222.0	-222.0	9	9
2023-05-26 12:09:41 	526	-222.0	-222.0	-222.0	-222.0	9	9
2023-05-26 12:22:39 	527	-222.0	-222.0	-222.0	-222.0	9	9
2023-05-26 12:35:37 	528	-222.0	-222.0	-222.0	-222.0	9	9
2023-05-26 12:48:34 	529	-222.0	-222.0	-222.0	-222.0	9	9
2023-05-26 13:01:32 	530	-222.0	-222.0	-222.0	-222.0	9	9
2023-05-26 13:14:30 	531	-222.0	-222.0	-222.0	-222.0	9	9
2023-05-26 13:27:27 	532	-222.0	-222.0	-222.0	-222.0	9	9
2023-05-26 13:40:25 	533	-222.0	-222.0	-222.0	-222.0	9	9
2023-05-26 13:53:23 	534	-222.0	-222.0	-222.0	-222.0	9	9
2023-05-26 14:06:20 	535	-222.0	-222.0	-222.0	-222.0	9	9
2023-05-26 14:19:18 	536	-222.0	-222.0	-222.0	-222.0	9	9
2023-05-26 14:32:16 	537	-222.0	-222.0	-222.0	-222.0	9	9
2023-05-26 14:45:13 	538	-222.0	-222.0	-222.0	-222.0	9	9
2023-05-26 14:58:11 	539	-222.0	-222.0	-222.0	-222.0	9	9
2023-05-26 15:11:09 	540	-222.0	-222.0	-222.0	-222.0	9	9
2023-05-26 15:24:06 	541	-222.0	-222.0	-222.0	-222.0	9	9
2023-05-26 15:37:04 	542	-222.0	-222.0	-222.0	-222.0	9	9
2023-05-26 15:50:02 	543	-222.0	-222.0	-222.0	-222.0	9	9
2023-05-26 16:02:59 	544	-222.0	-222.0	-222.0	-222.0	9	9
2023-05-26 16:15:57 	545	-222.0	-222.0	-222.0	-222.0	9	9
2023-05-26 16:28:55 	546	-222.0	-222.0	-222.0	-222.0	9	9
2023-05-26 16:41:52 	547	-222.0	-222.0	-222.0	-222.0	9	9
2023-05-26 16:54:50 	548	-222.0	-222.0	-222.0	-222.0	9	9
2023-05-26 17:07:48 	549	-222.0	-222.0	-222.0	-222.0	9	9
2023-05-26 17:20:45 	550	-222.0	-222.0	-222.0	-222.0	9	9
2023-05-26 17:33:43 	551	-222.0	-222.0	-222.0	-222.0	9	9
2023-05-26 17:46:41 	552	-222.0	-222.0	-222.0	-222.0	9	9
2023-05-26 17:59:38 	553	-222.0	-222.0	-222.0	-222.0	9	9
2023-05-26 18:12:36 	554	-222.0	-222.0	-222.0	-222.0	9	9
2023-05-26 18:25:34 	555	-222.0	-222.0	-222.0	-222.0	9	9
2023-05-26 18:38:31 	556	-222.0	-222.0	-222.0	-222.0	9	9
2023-05-26 18:51:29 	557	-222.0	-222.0	-222.0	-222.0	9	9
2023-05-26 19:04:27 	558	-222.0	-222.0	-222.0	-222.0	9	9
2023-05-26 19:17:24 	559	-222.0	-222.0	-222.0	-222.0	9	9
2023-05-26 19:30:22 	560	-222.0	-222.0	-222.0	-222.0	9	9
2023-05-26 19:43:20 	561	-222.0	-222.0	-222.0	-222.0	9	9
2023-05-26 19:56:17 	562	-222.0	-222.0	-222.0	-222.0	9	9
2023-05-26 20:09:15 	563	-222.0	-222.0	-222.0	-222.0	9	9
2023-05-26 20:22:13 	564	-222.0	-222.0	-222.0	-222.0	9	9
2023-05-26 20:35:10 	565	-222.0	-222.0	-222.0	-222.0	9	9
2023-05-26 20:48:08 	566	-222.0	-222.0	-222.0	-222.0	9	9
2023-05-26 21:01:06 	567	-222.0	-222.0	-222.0	-222.0	9	9
2023-05-26 21:14:03 	568	-222.0	-222.0	-222.0	-222.0	9	9
2023-05-26 21:27:01 	569	-222.0	-222.0	-222.0	-222.0	9	9
2023-05-26 21:39:59 	570	-222.0	-222.0	-222.0	-222.0	9	9
2023-05-26 21:52:56 	571	-222.0	-222.0	-222.0	-222.0	9	9
2023-05-26 22:05:54 	572	-222.0	-222.0	-222.0	-222.0	9	9
2023-05-26 22:18:52 	573	-222.0	-222.0	-222.0	-222.0	9	9
2023-05-26 22:31:49 	574	-222.0	-222.0	-222.0	-222.0	9	9
2023-05-26 22:44:47 	575	-222.0	-222.0	-222.0	-222.0	9	9
2023-05-26 22:57:44 	576	-222.0	-222.0	-222.0	-222.0	9	9
2023-05-26 23:10:42 	577	-222.0	-222.0	-222.0	-222.0	9	9
2023-05-26 23:23:40 	578	-222.0	-222.0	-222.0	-222.0	9	9
2023-05-26 23:36:37 	579	-222.0	-222.0	-222.0	-222.0	9	9
2023-05-26 23:49:35 	580	-222.0	-222.0	-222.0	-222.0	9	9
2023-05-27 00:02:33 	581	-222.0	-222.0	-222.0	-222.0	9	9
2023-05-27 00:15:30 	582	-222.0	-222.0	-222.0	-222.0	9	9
2023-05-27 00:28:28 	583	-222.0	-222.0	-222.0	-222.0	9	9
2023-05-27 00:41:26 	584	-222.0	-222.0	-222.0	-222.0	9	9
2023-05-27 00:54:24 	585	-222.0	-222.0	-222.0	-222.0	9	9
2023-05-27 01:07:21 	586	-222.0	-222.0	-222.0	-222.0	9	9
2023-05-27 01:20:19 	587	-222.0	-222.0	-222.0	-222.0	9	9
2023-05-27 01:33:17 	588	-222.0	-222.0	-222.0	-222.0	9	9
2023-05-27 01:46:14 	589	-222.0	-222.0	-222.0	-222.0	9	9
2023-05-27 01:59:12 	590	-222.0	-222.0	-222.0	-222.0	9	9
2023-05-27 02:12:10 	591	-222.0	-222.0	-222.0	-222.0	9	9
2023-05-27 02:25:07 	592	-222.0	-222.0	-222.0	-222.0	9	9
2023-05-27 02:38:05 	593	-222.0	-222.0	-222.0	-222.0	9	9
2023-05-27 02:51:03 	594	-222.0	-222.0	-222.0	-222.0	9	9
2023-05-27 03:04:00 	595	-222.0	-222.0	-222.0	-222.0	9	9
2023-05-27 03:16:58 	596	-222.0	-222.0	-222.0	-222.0	9	9
2023-05-27 03:29:56 	597	-222.0	-222.0	-222.0	-222.0	9	9
2023-05-27 03:42:53 	598	-222.0	-222.0	-222.0	-222.0	9	9
2023-05-27 03:55:51 	599	-222.0	-222.0	-222.0	-222.0	9	9
2023-05-27 04:08:49 	600	-222.0	-222.0	-222.0	-222.0	9	9
2023-05-27 04:21:46 	601	-222.0	-222.0	-222.0	-222.0	9	9
2023-05-27 04:34:44 	602	-222.0	-222.0	-222.0	-222.0	9	9
2023-05-27 04:47:42 	603	-222.0	-222.0	-222.0	-222.0	9	9
2023-05-27 05:00:39 	604	-222.0	-222.0	-222.0	-222.0	9	9
2023-05-27 05:13:37 	605	-222.0	-222.0	-222.0	-222.0	9	9
2023-05-27 05:26:35 	606	-222.0	-222.0	-222.0	-222.0	9	9
2023-05-27 05:39:32 	607	-222.0	-222.0	-222.0	-222.0	9	9
2023-05-27 05:52:30 	608	-222.0	-222.0	-222.0	-222.0	9	9
2023-05-27 06:05:28 	609	-222.0	-222.0	-222.0	-222.0	9	9
2023-05-27 06:18:25 	610	-222.0	-222.0	-222.0	-222.0	9	9
2023-05-27 06:31:23 	611	-222.0	-222.0	-222.0	-222.0	9	9
2023-05-27 06:44:21 	612	-222.0	-222.0	-222.0	-222.0	9	9
2023-05-27 06:57:18 	613	-222.0	-222.0	-222.0	-222.0	9	9
2023-05-27 07:10:16 	614	-222.0	-222.0	-222.0	-222.0	9	9
2023-05-27 07:23:14 	615	-222.0	-222.0	-222.0	-222.0	9	9
2023-05-27 07:36:11 	616	-222.0	-222.0	-222.0	-222.0	9	9
2023-05-27 07:49:09 	617	-222.0	-222.0	-222.0	-222.0	9	9
2023-05-27 08:02:07 	618	-222.0	-222.0	-222.0	-222.0	9	9
2023-05-27 08:15:04 	619	-222.0	-222.0	-222.0	-222.0	9	9
2023-05-27 08:28:02 	620	-222.0	-222.0	-222.0	-222.0	9	9
2023-05-27 08:41:00 	621	-222.0	-222.0	-222.0	-222.0	9	9
2023-05-27 08:53:57 	622	-222.0	-222.0	-222.0	-222.0	9	9
2023-05-27 09:06:55 	623	-222.0	-222.0	-222.0	-222.0	9	9
2023-05-27 09:19:53 	624	-222.0	-222.0	-222.0	-222.0	9	9
2023-05-27 09:32:50 	625	-222.0	-222.0	-222.0	-222.0	9	9
2023-05-27 09:45:48 	626	-222.0	-222.0	-222.0	-222.0	9	9
2023-05-27 09:58:46 	627	-222.0	-222.0	-222.0	-222.0	9	9
2023-05-27 10:11:43 	628	-222.0	-222.0	-222.0	-222.0	9	9
2023-05-27 10:24:41 	629	-222.0	-222.0	-222.0	-222.0	9	9
2023-05-27 10:37:39 	630	-222.0	-222.0	-222.0	-222.0	9	9
2023-05-27 10:50:36 	631	-222.0	-222.0	-222.0	-222.0	9	9
2023-05-27 11:03:34 	632	-222.0	-222.0	-222.0	-222.0	9	9
2023-05-27 11:16:32 	633	-222.0	-222.0	-222.0	-222.0	9	9
2023-05-27 11:29:29 	634	-222.0	-222.0	-222.0	-222.0	9	9
2023-05-27 11:42:27 	635	-222.0	-222.0	-222.0	-222.0	9	9
2023-05-27 11:55:25 	636	-222.0	-222.0	-222.0	-222.0	9	9
2023-05-27 12:08:22 	637	-222.0	-222.0	-222.0	-222.0	9	9
2023-05-27 12:21:20 	638	-222.0	-222.0	-222.0	-222.0	9	9
2023-05-27 12:34:18 	639	-222.0	-222.0	-222.0	-222.0	9	9
2023-05-27 12:47:15 	640	-222.0	-222.0	-222.0	-222.0	9	9
2023-05-27 13:00:13 	641	-222.0	-222.0	-222.0	-222.0	9	9
2023-05-27 13:13:11 	642	-222.0	-222.0	-222.0	-222.0	9	9
2023-05-27 13:26:08 	643	-222.0	-222.0	-222.0	-222.0	9	9
2023-05-27 13:39:06 	644	-222.0	-222.0	-222.0	-222.0	9	9
2023-05-27 13:52:04 	645	-222.0	-222.0	-222.0	-222.0	9	9
2023-05-27 14:05:01 	646	-222.0	-222.0	-222.0	-222.0	9	9
2023-05-27 14:17:59 	647	-222.0	-222.0	-222.0	-222.0	9	9
2023-05-27 14:30:57 	648	-222.0	-222.0	-222.0	-222.0	9	9
2023-05-27 14:43:54 	649	-222.0	-222.0	-222.0	-222.0	9	9
2023-05-27 14:56:52 	650	-222.0	-222.0	-222.0	-222.0	9	9
2023-05-27 15:09:50 	651	-222.0	-222.0	-222.0	-222.0	9	9
2023-05-27 15:22:47 	652	-222.0	-222.0	-222.0	-222.0	9	9
2023-05-27 15:35:45 	653	-222.0	-222.0	-222.0	-222.0	9	9
2023-05-27 15:48:43 	654	-222.0	-222.0	-222.0	-222.0	9	9
2023-05-27 16:01:40 	655	-222.0	-222.0	-222.0	-222.0	9	9
2023-05-27 16:14:38 	656	-222.0	-222.0	-222.0	-222.0	9	9
2023-05-27 16:27:36 	657	-222.0	-222.0	-222.0	-222.0	9	9
2023-05-27 16:40:33 	658	-222.0	-222.0	-222.0	-222.0	9	9
2023-05-27 16:53:31 	659	-222.0	-222.0	-222.0	-222.0	9	9
2023-05-27 17:06:29 	660	-222.0	-222.0	-222.0	-222.0	9	9
2023-05-27 17:19:26 	661	-222.0	-222.0	-222.0	-222.0	9	9
2023-05-27 17:32:24 	662	-222.0	-222.0	-222.0	-222.0	9	9
2023-05-27 17:45:22 	663	-222.0	-222.0	-222.0	-222.0	9	9
2023-05-27 17:58:19 	664	-222.0	-222.0	-222.0	-222.0	9	9
2023-05-27 18:11:17 	665	-222.0	-222.0	-222.0	-222.0	9	9
2023-05-27 18:24:15 	666	-222.0	-222.0	-222.0	-222.0	9	9
2023-05-27 18:37:12 	667	-222.0	-222.0	-222.0	-222.0	9	9
2023-05-27 18:50:10 	668	-222.0	-222.0	-222.0	-222.0	9	9
2023-05-27 19:03:08 	669	-222.0	-222.0	-222.0	-222.0	9	9
2023-05-27 19:16:05 	670	-222.0	-222.0	-222.0	-222.0	9	9
2023-05-27 19:29:03 	671	-222.0	-222.0	-222.0	-222.0	9	9
2023-05-27 19:42:01 	672	-222.0	-222.0	-222.0	-222.0	9	9
2023-05-27 19:54:58 	673	-222.0	-222.0	-222.0	-222.0	9	9
2023-05-27 20:07:56 	674	-222.0	-222.0	-222.0	-222.0	9	9
2023-05-27 20:20:54 	675	-222.0	-222.0	-222.0	-222.0	9	9
2023-05-27 20:33:51 	676	-222.0	-222.0	-222.0	-222.0	9	9
2023-05-27 20:46:49 	677	-222.0	-222.0	-222.0	-222.0	9	9
2023-05-27 20:59:47 	678	-222.0	-222.0	-222.0	-222.0	9	9
2023-05-27 21:12:44 	679	-222.0	-222.0	-222.0	-222.0	9	9
2023-05-27 21:25:42 	680	-222.0	-222.0	-222.0	-222.0	9	9
2023-05-27 21:38:40 	681	-222.0	-222.0	-222.0	-222.0	9	9
2023-05-27 21:51:37 	682	-222.0	-222.0	-222.0	-222.0	9	9
2023-05-27 22:04:35 	683	-222.0	-222.0	-222.0	-222.0	9	9
2023-05-27 22:17:33 	684	-222.0	-222.0	-222.0	-222.0	9	9
2023-05-27 22:30:30 	685	-222.0	-222.0	-222.0	-222.0	9	9
2023-05-27 22:43:28 	686	-222.0	-222.0	-222.0	-222.0	9	9
2023-05-27 22:56:26 	687	-222.0	-222.0	-222.0	-222.0	9	9
2023-05-27 23:09:23 	688	-222.0	-222.0	-222.0	-222.0	9	9
2023-05-27 23:22:21 	689	-222.0	-222.0	-222.0	-222.0	9	9
2023-05-27 23:35:19 	690	-222.0	-222.0	-222.0	-222.0	9	9
2023-05-27 23:48:16 	691	-222.0	-222.0	-222.0	-222.0	9	9
2023-05-28 00:01:14 	692	-222.0	-222.0	-222.0	-222.0	9	9
2023-05-28 00:14:12 	693	-222.0	-222.0	-222.0	-222.0	9	9
2023-05-28 00:27:09 	694	-222.0	-222.0	-222.0	-222.0	9	9
2023-05-28 00:40:07 	695	-222.0	-222.0	-222.0	-222.0	9	9
2023-05-28 00:53:05 	696	-222.0	-222.0	-222.0	-222.0	9	9
2023-05-28 01:06:02 	697	-222.0	-222.0	-222.0	-222.0	9	9
2023-05-28 01:19:00 	698	-222.0	-222.0	-222.0	-222.0	9	9
2023-05-28 01:31:58 	699	-222.0	-222.0	-222.0	-222.0	9	9
2023-05-28 01:44:55 	700	-222.0	-222.0	-222.0	-222.0	9	9
2023-05-28 01:57:53 	701	-222.0	-222.0	-222.0	-222.0	9	9
2023-05-28 02:10:51 	702	-222.0	-222.0	-222.0	-222.0	9	9
2023-05-28 02:23:48 	703	-222.0	-222.0	-222.0	-222.0	9	9
2023-05-28 02:36:46 	704	-222.0	-222.0	-222.0	-222.0	9	9
2023-05-28 02:49:44 	705	-222.0	-222.0	-222.0	-222.0	9	9
2023-05-28 03:02:41 	706	-222.0	-222.0	-222.0	-222.0	9	9
2023-05-28 03:15:39 	707	-222.0	-222.0	-222.0	-222.0	9	9
2023-05-28 03:28:37 	708	-222.0	-222.0	-222.0	-222.0	9	9
2023-05-28 03:41:34 	709	-222.0	-222.0	-222.0	-222.0	9	9
2023-05-28 03:54:32 	710	-222.0	-222.0	-222.0	-222.0	9	9
2023-05-28 04:07:30 	711	-222.0	-222.0	-222.0	-222.0	9	9
2023-05-28 04:20:28 	712	-222.0	-222.0	-222.0	-222.0	9	9
2023-05-28 04:33:25 	713	-222.0	-222.0	-222.0	-222.0	9	9
2023-05-28 04:46:23 	714	-222.0	-222.0	-222.0	-222.0	9	9
2023-05-28 04:59:21 	715	-222.0	-222.0	-222.0	-222.0	9	9
2023-05-28 05:12:18 	716	-222.0	-222.0	-222.0	-222.0	9	9
2023-05-28 05:25:16 	717	-222.0	-222.0	-222.0	-222.0	9	9
2023-05-28 05:38:14 	718	-222.0	-222.0	-222.0	-222.0	9	9
2023-05-28 05:51:11 	719	-222.0	-222.0	-222.0	-222.0	9	9
2023-05-28 06:04:09 	720	-222.0	-222.0	-222.0	-222.0	9	9
2023-05-28 06:17:07 	721	-222.0	-222.0	-222.0	-222.0	9	9
2023-05-28 06:30:05 	722	-222.0	-222.0	-222.0	-222.0	9	9
2023-05-28 06:43:02 	723	-222.0	-222.0	-222.0	-222.0	9	9
2023-05-28 06:56:00 	724	-222.0	-222.0	-222.0	-222.0	9	9
2023-05-28 07:08:58 	725	-222.0	-222.0	-222.0	-222.0	9	9
2023-05-28 07:21:55 	726	-222.0	-222.0	-222.0	-222.0	9	9
2023-05-28 07:34:53 	727	-222.0	-222.0	-222.0	-222.0	9	9
2023-05-28 07:47:51 	728	-222.0	-222.0	-222.0	-222.0	9	9
2023-05-28 08:00:48 	729	-222.0	-222.0	-222.0	-222.0	9	9
2023-05-28 08:13:46 	730	-222.0	-222.0	-222.0	-222.0	9	9
2023-05-28 08:26:44 	731	-222.0	-222.0	-222.0	-222.0	9	9
2023-05-28 08:39:41 	732	-222.0	-222.0	-222.0	-222.0	9	9
2023-05-28 08:52:39 	733	-222.0	-222.0	-222.0	-222.0	9	9
2023-05-28 09:05:37 	734	-222.0	-222.0	-222.0	-222.0	9	9
2023-05-28 09:18:34 	735	-222.0	-222.0	-222.0	-222.0	9	9
2023-05-28 09:31:32 	736	-222.0	-222.0	-222.0	-222.0	9	9
2023-05-28 09:44:30 	737	-222.0	-222.0	-222.0	-222.0	9	9
2023-05-28 09:57:27 	738	-222.0	-222.0	-222.0	-222.0	9	9
2023-05-28 10:10:25 	739	-222.0	-222.0	-222.0	-222.0	9	9
2023-05-28 10:23:23 	740	-222.0	-222.0	-222.0	-222.0	9	9
2023-05-28 10:36:20 	741	-222.0	-222.0	-222.0	-222.0	9	9
2023-05-28 10:49:18 	742	-222.0	-222.0	-222.0	-222.0	9	9
2023-05-28 11:02:16 	743	-222.0	-222.0	-222.0	-222.0	9	9
2023-05-28 11:15:13 	744	-222.0	-222.0	-222.0	-222.0	9	9
2023-05-28 11:28:11 	745	-222.0	-222.0	-222.0	-222.0	9	9
2023-05-28 11:41:09 	746	-222.0	-222.0	-222.0	-222.0	9	9
2023-05-28 11:54:06 	747	-222.0	-222.0	-222.0	-222.0	9	9
2023-05-28 12:07:04 	748	-222.0	-222.0	-222.0	-222.0	9	9
2023-05-28 12:20:02 	749	-222.0	-222.0	-222.0	-222.0	9	9
2023-05-28 12:32:59 	750	-222.0	-222.0	-222.0	-222.0	9	9
2023-05-28 12:45:57 	751	-222.0	-222.0	-222.0	-222.0	9	9
2023-05-28 12:58:55 	752	-222.0	-222.0	-222.0	-222.0	9	9
2023-05-28 13:11:52 	753	-222.0	-222.0	-222.0	-222.0	9	9
2023-05-28 13:24:50 	754	-222.0	-222.0	-222.0	-222.0	9	9
2023-05-28 13:37:48 	755	-222.0	-222.0	-222.0	-222.0	9	9
2023-05-28 13:50:45 	756	-222.0	-222.0	-222.0	-222.0	9	9
2023-05-28 14:03:43 	757	-222.0	-222.0	-222.0	-222.0	9	9
2023-05-28 14:16:41 	758	-222.0	-222.0	-222.0	-222.0	9	9
2023-05-28 14:29:38 	759	-222.0	-222.0	-222.0	-222.0	9	9
2023-05-28 14:42:36 	760	-222.0	-222.0	-222.0	-222.0	9	9
2023-05-28 14:55:34 	761	-222.0	-222.0	-222.0	-222.0	9	9
2023-05-28 15:08:31 	762	-222.0	-222.0	-222.0	-222.0	9	9
2023-05-28 15:21:29 	763	-222.0	-222.0	-222.0	-222.0	9	9
2023-05-28 15:34:27 	764	-222.0	-222.0	-222.0	-222.0	9	9
2023-05-28 15:47:24 	765	-222.0	-222.0	-222.0	-222.0	9	9
2023-05-28 16:00:22 	766	-222.0	-222.0	-222.0	-222.0	9	9
2023-05-28 16:13:20 	767	-222.0	-222.0	-222.0	-222.0	9	9
2023-05-28 16:26:17 	768	-222.0	-222.0	-222.0	-222.0	9	9
2023-05-28 16:39:15 	769	-222.0	-222.0	-222.0	-222.0	9	9
2023-05-28 16:52:13 	770	-222.0	-222.0	-222.0	-222.0	9	9
2023-05-28 17:05:10 	771	-222.0	-222.0	-222.0	-222.0	9	9
2023-05-28 17:18:08 	772	-222.0	-222.0	-222.0	-222.0	9	9
2023-05-28 17:31:06 	773	-222.0	-222.0	-222.0	-222.0	9	9
2023-05-28 17:44:03 	774	-222.0	-222.0	-222.0	-222.0	9	9
2023-05-28 17:57:01 	775	-222.0	-222.0	-222.0	-222.0	9	9
2023-05-28 18:09:59 	776	-222.0	-222.0	-222.0	-222.0	9	9
2023-05-28 18:22:56 	777	-222.0	-222.0	-222.0	-222.0	9	9
2023-05-28 18:35:54 	778	-222.0	-222.0	-222.0	-222.0	9	9
2023-05-28 18:48:52 	779	-222.0	-222.0	-222.0	-222.0	9	9
2023-05-28 19:01:49 	780	-222.0	-222.0	-222.0	-222.0	9	9
2023-05-28 19:14:47 	781	-222.0	-222.0	-222.0	-222.0	9	9
2023-05-28 19:27:45 	782	-222.0	-222.0	-222.0	-222.0	9	9
2023-05-28 19:40:42 	783	-222.0	-222.0	-222.0	-222.0	9	9
2023-05-28 19:53:40 	784	-222.0	-222.0	-222.0	-222.0	9	9
2023-05-28 20:06:38 	785	-222.0	-222.0	-222.0	-222.0	9	9
2023-05-28 20:19:35 	786	-222.0	-222.0	-222.0	-222.0	9	9
2023-05-28 20:32:33 	787	-222.0	-222.0	-222.0	-222.0	9	9
2023-05-28 20:45:31 	788	-222.0	-222.0	-222.0	-222.0	9	9
2023-05-28 20:58:28 	789	-222.0	-222.0	-222.0	-222.0	9	9
2023-05-28 21:11:26 	790	-222.0	-222.0	-222.0	-222.0	9	9
2023-05-28 21:24:24 	791	-222.0	-222.0	-222.0	-222.0	9	9
2023-05-28 21:37:21 	792	-222.0	-222.0	-222.0	-222.0	9	9
2023-05-28 21:50:19 	793	-222.0	-222.0	-222.0	-222.0	9	9
2023-05-28 22:03:17 	794	-222.0	-222.0	-222.0	-222.0	9	9
2023-05-28 22:16:14 	795	-222.0	-222.0	-222.0	-222.0	9	9
2023-05-28 22:29:12 	796	-222.0	-222.0	-222.0	-222.0	9	9
2023-05-28 22:42:10 	797	-222.0	-222.0	-222.0	-222.0	9	9
2023-05-28 22:55:07 	798	-222.0	-222.0	-222.0	-222.0	9	9
2023-05-28 23:08:05 	799	-222.0	-222.0	-222.0	-222.0	9	9
2023-05-28 23:21:03 	800	-222.0	-222.0	-222.0	-222.0	9	9
2023-05-28 23:34:00 	801	-222.0	-222.0	-222.0	-222.0	9	9
2023-05-28 23:46:58 	802	-222.0	-222.0	-222.0	-222.0	9	9
2023-05-28 23:59:56 	803	-222.0	-222.0	-222.0	-222.0	9	9
2023-05-29 00:12:53 	804	-222.0	-222.0	-222.0	-222.0	9	9
2023-05-29 00:25:51 	805	-222.0	-222.0	-222.0	-222.0	9	9
2023-05-29 00:38:49 	806	-222.0	-222.0	-222.0	-222.0	9	9
2023-05-29 00:51:46 	807	-222.0	-222.0	-222.0	-222.0	9	9
2023-05-29 01:04:44 	808	-222.0	-222.0	-222.0	-222.0	9	9
2023-05-29 01:17:42 	809	-222.0	-222.0	-222.0	-222.0	9	9
2023-05-29 01:30:39 	810	-222.0	-222.0	-222.0	-222.0	9	9
2023-05-29 01:43:37 	811	-222.0	-222.0	-222.0	-222.0	9	9
2023-05-29 01:56:35 	812	-222.0	-222.0	-222.0	-222.0	9	9
2023-05-29 02:09:32 	813	-222.0	-222.0	-222.0	-222.0	9	9
2023-05-29 02:22:30 	814	-222.0	-222.0	-222.0	-222.0	9	9
2023-05-29 02:35:28 	815	-222.0	-222.0	-222.0	-222.0	9	9
2023-05-29 02:48:26 	816	-222.0	-222.0	-222.0	-222.0	9	9
2023-05-29 03:01:23 	817	-222.0	-222.0	-222.0	-222.0	9	9
2023-05-29 03:14:21 	818	-222.0	-222.0	-222.0	-222.0	9	9
2023-05-29 03:27:19 	819	-222.0	-222.0	-222.0	-222.0	9	9
2023-05-29 03:40:16 	820	-222.0	-222.0	-222.0	-222.0	9	9
2023-05-29 03:53:14 	821	-222.0	-222.0	-222.0	-222.0	9	9
2023-05-29 04:06:12 	822	-222.0	-222.0	-222.0	-222.0	9	9
2023-05-29 04:19:09 	823	-222.0	-222.0	-222.0	-222.0	9	9
2023-05-29 04:32:07 	824	-222.0	-222.0	-222.0	-222.0	9	9
2023-05-29 04:45:05 	825	-222.0	-222.0	-222.0	-222.0	9	9
2023-05-29 04:58:02 	826	-222.0	-222.0	-222.0	-222.0	9	9
2023-05-29 05:11:00 	827	-222.0	-222.0	-222.0	-222.0	9	9
2023-05-29 05:23:58 	828	-222.0	-222.0	-222.0	-222.0	9	9
2023-05-29 05:36:55 	829	-222.0	-222.0	-222.0	-222.0	9	9
2023-05-29 05:49:53 	830	-222.0	-222.0	-222.0	-222.0	9	9
2023-05-29 06:02:51 	831	-222.0	-222.0	-222.0	-222.0	9	9
2023-05-29 06:15:48 	832	-222.0	-222.0	-222.0	-222.0	9	9
2023-05-29 06:28:46 	833	-222.0	-222.0	-222.0	-222.0	9	9
2023-05-29 06:41:44 	834	-222.0	-222.0	-222.0	-222.0	9	9
2023-05-29 06:54:41 	835	-222.0	-222.0	-222.0	-222.0	9	9
2023-05-29 07:07:39 	836	-222.0	-222.0	-222.0	-222.0	9	9
2023-05-29 07:20:37 	837	-222.0	-222.0	-222.0	-222.0	9	9
2023-05-29 07:33:34 	838	-222.0	-222.0	-222.0	-222.0	9	9
2023-05-29 07:46:32 	839	-222.0	-222.0	-222.0	-222.0	9	9
2023-05-29 07:59:30 	840	-222.0	-222.0	-222.0	-222.0	9	9
2023-05-29 08:12:27 	841	-222.0	-222.0	-222.0	-222.0	9	9
2023-05-29 08:25:25 	842	-222.0	-222.0	-222.0	-222.0	9	9
2023-05-29 08:38:23 	843	-222.0	-222.0	-222.0	-222.0	9	9
2023-05-29 08:51:20 	844	-222.0	-222.0	-222.0	-222.0	9	9
2023-05-29 09:04:18 	845	-222.0	-222.0	-222.0	-222.0	9	9
2023-05-29 09:17:16 	846	-222.0	-222.0	-222.0	-222.0	9	9
2023-05-29 09:30:13 	847	-222.0	-222.0	-222.0	-222.0	9	9
2023-05-29 09:43:11 	848	-222.0	-222.0	-222.0	-222.0	9	9
2023-05-29 09:56:09 	849	-222.0	-222.0	-222.0	-222.0	9	9
2023-05-29 10:09:06 	850	-222.0	-222.0	-222.0	-222.0	9	9
2023-05-29 10:22:04 	851	-222.0	-222.0	-222.0	-222.0	9	9
2023-05-29 10:35:02 	852	-222.0	-222.0	-222.0	-222.0	9	9
2023-05-29 10:47:59 	853	-222.0	-222.0	-222.0	-222.0	9	9
2023-05-29 11:00:57 	854	-222.0	-222.0	-222.0	-222.0	9	9
2023-05-29 11:13:55 	855	-222.0	-222.0	-222.0	-222.0	9	9
2023-05-29 11:26:52 	856	-222.0	-222.0	-222.0	-222.0	9	9
2023-05-29 11:39:50 	857	-222.0	-222.0	-222.0	-222.0	9	9
2023-05-29 11:52:48 	858	-222.0	-222.0	-222.0	-222.0	9	9
2023-05-29 12:05:45 	859	-222.0	-222.0	-222.0	-222.0	9	9
2023-05-29 12:18:43 	860	-222.0	-222.0	-222.0	-222.0	9	9
2023-05-29 12:31:41 	861	-222.0	-222.0	-222.0	-222.0	9	9
2023-05-29 12:44:38 	862	-222.0	-222.0	-222.0	-222.0	9	9
2023-05-29 12:57:36 	863	-222.0	-222.0	-222.0	-222.0	9	9
2023-05-29 13:10:34 	864	-222.0	-222.0	-222.0	-222.0	9	9
2023-05-29 13:23:31 	865	-222.0	-222.0	-222.0	-222.0	9	9
2023-05-29 13:36:29 	866	-222.0	-222.0	-222.0	-222.0	9	9
2023-05-29 13:49:27 	867	-222.0	-222.0	-222.0	-222.0	9	9
2023-05-29 14:02:24 	868	-222.0	-222.0	-222.0	-222.0	9	9
2023-05-29 14:15:22 	869	-222.0	-222.0	-222.0	-222.0	9	9
2023-05-29 14:28:20 	870	-222.0	-222.0	-222.0	-222.0	9	9
2023-05-29 14:41:17 	871	-222.0	-222.0	-222.0	-222.0	9	9
2023-05-29 14:54:15 	872	-222.0	-222.0	-222.0	-222.0	9	9
2023-05-29 15:07:13 	873	-222.0	-222.0	-222.0	-222.0	9	9
2023-05-29 15:20:10 	874	-222.0	-222.0	-222.0	-222.0	9	9
2023-05-29 15:33:08 	875	-222.0	-222.0	-222.0	-222.0	9	9
2023-05-29 15:46:06 	876	-222.0	-222.0	-222.0	-222.0	9	9
2023-05-29 15:59:03 	877	-222.0	-222.0	-222.0	-222.0	9	9
2023-05-29 16:12:01 	878	-222.0	-222.0	-222.0	-222.0	9	9
2023-05-29 16:24:59 	879	-222.0	-222.0	-222.0	-222.0	9	9
2023-05-29 16:37:56 	880	-222.0	-222.0	-222.0	-222.0	9	9
2023-05-29 16:50:54 	881	-222.0	-222.0	-222.0	-222.0	9	9
2023-05-29 17:03:52 	882	-222.0	-222.0	-222.0	-222.0	9	9
2023-05-29 17:16:49 	883	-222.0	-222.0	-222.0	-222.0	9	9
2023-05-29 17:29:47 	884	-222.0	-222.0	-222.0	-222.0	9	9
2023-05-29 17:42:45 	885	-222.0	-222.0	-222.0	-222.0	9	9
2023-05-29 17:55:42 	886	-222.0	-222.0	-222.0	-222.0	9	9
2023-05-29 18:08:40 	887	-222.0	-222.0	-222.0	-222.0	9	9
2023-05-29 18:21:38 	888	-222.0	-222.0	-222.0	-222.0	9	9
2023-05-29 18:34:35 	889	-222.0	-222.0	-222.0	-222.0	9	9
2023-05-29 18:47:33 	890	-222.0	-222.0	-222.0	-222.0	9	9
2023-05-29 19:00:30 	891	-222.0	-222.0	-222.0	-222.0	9	9
2023-05-29 19:13:28 	892	-222.0	-222.0	-222.0	-222.0	9	9
2023-05-29 19:26:26 	893	-222.0	-222.0	-222.0	-222.0	9	9
2023-05-29 19:39:23 	894	-222.0	-222.0	-222.0	-222.0	9	9
2023-05-29 19:52:21 	895	-222.0	-222.0	-222.0	-222.0	9	9
2023-05-29 20:05:19 	896	-222.0	-222.0	-222.0	-222.0	9	9
2023-05-29 20:18:16 	897	-222.0	-222.0	-222.0	-222.0	9	9
2023-05-29 20:31:14 	898	-222.0	-222.0	-222.0	-222.0	9	9
2023-05-29 20:44:12 	899	-222.0	-222.0	-222.0	-222.0	9	9
2023-05-29 20:57:09 	900	-222.0	-222.0	-222.0	-222.0	9	9
2023-05-29 21:10:07 	901	-222.0	-222.0	-222.0	-222.0	9	9
2023-05-29 21:23:05 	902	-222.0	-222.0	-222.0	-222.0	9	9
2023-05-29 21:36:02 	903	-222.0	-222.0	-222.0	-222.0	9	9
2023-05-29 21:49:00 	904	-222.0	-222.0	-222.0	-222.0	9	9
2023-05-29 22:01:58 	905	-222.0	-222.0	-222.0	-222.0	9	9
2023-05-29 22:14:55 	906	-222.0	-222.0	-222.0	-222.0	9	9
2023-05-29 22:27:53 	907	-222.0	-222.0	-222.0	-222.0	9	9
2023-05-29 22:40:51 	908	-222.0	-222.0	-222.0	-222.0	9	9
2023-05-29 22:53:48 	909	-222.0	-222.0	-222.0	-222.0	9	9
2023-05-29 23:06:46 	910	-222.0	-222.0	-222.0	-222.0	9	9
2023-05-29 23:19:44 	911	-222.0	-222.0	-222.0	-222.0	9	9
2023-05-29 23:32:41 	912	-222.0	-222.0	-222.0	-222.0	9	9
2023-05-29 23:45:39 	913	-222.0	-222.0	-222.0	-222.0	9	9
2023-05-29 23:58:37 	914	-222.0	-222.0	-222.0	-222.0	9	9
2023-05-30 00:11:34 	915	-222.0	-222.0	-222.0	-222.0	9	9
2023-05-30 00:24:32 	916	-222.0	-222.0	-222.0	-222.0	9	9
2023-05-30 00:37:30 	917	-222.0	-222.0	-222.0	-222.0	9	9
2023-05-30 00:50:27 	918	-222.0	-222.0	-222.0	-222.0	9	9
2023-05-30 01:03:25 	919	-222.0	-222.0	-222.0	-222.0	9	9
2023-05-30 01:16:23 	920	-222.0	-222.0	-222.0	-222.0	9	9
2023-05-30 01:29:21 	921	-222.0	-222.0	-222.0	-222.0	9	9
2023-05-30 01:42:18 	922	-222.0	-222.0	-222.0	-222.0	9	9
2023-05-30 01:55:16 	923	-222.0	-222.0	-222.0	-222.0	9	9
2023-05-30 02:08:14 	924	-222.0	-222.0	-222.0	-222.0	9	9
2023-05-30 02:21:11 	925	-222.0	-222.0	-222.0	-222.0	9	9
2023-05-30 02:34:09 	926	-222.0	-222.0	-222.0	-222.0	9	9
2023-05-30 02:47:07 	927	-222.0	-222.0	-222.0	-222.0	9	9
2023-05-30 03:00:04 	928	-222.0	-222.0	-222.0	-222.0	9	9
2023-05-30 03:13:02 	929	-222.0	-222.0	-222.0	-222.0	9	9
2023-05-30 03:26:00 	930	-222.0	-222.0	-222.0	-222.0	9	9
2023-05-30 03:38:57 	931	-222.0	-222.0	-222.0	-222.0	9	9
2023-05-30 03:51:55 	932	-222.0	-222.0	-222.0	-222.0	9	9
2023-05-30 04:04:53 	933	-222.0	-222.0	-222.0	-222.0	9	9
2023-05-30 04:17:50 	934	-222.0	-222.0	-222.0	-222.0	9	9
2023-05-30 04:30:48 	935	-222.0	-222.0	-222.0	-222.0	9	9
2023-05-30 04:43:46 	936	-222.0	-222.0	-222.0	-222.0	9	9
2023-05-30 04:56:43 	937	-222.0	-222.0	-222.0	-222.0	9	9
2023-05-30 05:09:41 	938	-222.0	-222.0	-222.0	-222.0	9	9
2023-05-30 05:22:39 	939	-222.0	-222.0	-222.0	-222.0	9	9
2023-05-30 05:35:36 	940	-222.0	-222.0	-222.0	-222.0	9	9
2023-05-30 05:48:34 	941	-222.0	-222.0	-222.0	-222.0	9	9
2023-05-30 06:01:32 	942	-222.0	-222.0	-222.0	-222.0	9	9
2023-05-30 06:14:29 	943	-222.0	-222.0	-222.0	-222.0	9	9
2023-05-30 06:27:27 	944	-222.0	-222.0	-222.0	-222.0	9	9
2023-05-30 06:40:25 	945	-222.0	-222.0	-222.0	-222.0	9	9
2023-05-30 06:53:22 	946	-222.0	-222.0	-222.0	-222.0	9	9
2023-05-30 07:06:20 	947	-222.0	-222.0	-222.0	-222.0	9	9
2023-05-30 07:19:18 	948	-222.0	-222.0	-222.0	-222.0	9	9
2023-05-30 07:32:15 	949	-222.0	-222.0	-222.0	-222.0	9	9
2023-05-30 07:45:13 	950	-222.0	-222.0	-222.0	-222.0	9	9
2023-05-30 07:58:11 	951	-222.0	-222.0	-222.0	-222.0	9	9
2023-05-30 08:11:08 	952	-222.0	-222.0	-222.0	-222.0	9	9
2023-05-30 08:24:06 	953	-222.0	-222.0	-222.0	-222.0	9	9
2023-05-30 08:37:04 	954	-222.0	-222.0	-222.0	-222.0	9	9
2023-05-30 08:50:01 	955	-222.0	-222.0	-222.0	-222.0	9	9
2023-05-30 09:02:59 	956	-222.0	-222.0	-222.0	-222.0	9	9
2023-05-30 09:15:57 	957	-222.0	-222.0	-222.0	-222.0	9	9
2023-05-30 09:28:54 	958	-222.0	-222.0	-222.0	-222.0	9	9
2023-05-30 09:41:52 	959	-222.0	-222.0	-222.0	-222.0	9	9
2023-05-30 09:54:50 	960	-222.0	-222.0	-222.0	-222.0	9	9
2023-05-30 10:07:47 	961	-222.0	-222.0	-222.0	-222.0	9	9
2023-05-30 10:20:45 	962	-222.0	-222.0	-222.0	-222.0	9	9
2023-05-30 10:33:43 	963	-222.0	-222.0	-222.0	-222.0	9	9
2023-05-30 10:46:40 	964	-222.0	-222.0	-222.0	-222.0	9	9
2023-05-30 10:59:38 	965	-222.0	-222.0	-222.0	-222.0	9	9
