2023-07-23 14:44:56 DateTime	Entry	Power	Temperature_outside	Humidity_outside	Temperature_inside	Humidity_inside	CorrectReadingsIn	CorrectReadingsOut
2023-07-23 14:45:28 	1	24.73	72.23	23.72	63.36	9	9
2023-07-23 14:46:00 	2	25.07	77.16	23.49	63.24	9	9
2023-07-23 14:46:32 	3	24.76	61.53	23.24	60.99	9	9
2023-07-23 14:47:02 	4	24.26	60.89	23.0	60.03	9	9
2023-07-23 14:47:36 	5	23.83	61.08	22.78	60.46	9	9
2023-07-23 14:48:09 	6	23.53	61.42	22.53	60.57	9	9
2023-07-23 14:48:41 	7	23.24	62.94	22.36	61.32	9	9
2023-07-23 14:49:20 	8	23.01	63.44	22.13	61.82	9	9
2023-07-23 14:49:55 	9	22.82	63.82	22.02	62.13	9	9
2023-07-23 14:50:25 	10	22.7	64.2	21.9	62.36	9	9
2023-07-23 14:50:54 	11	22.63	66.31	21.9	64.63	9	9
2023-07-23 14:51:24 	12	22.66	66.77	21.9	65.46	9	9
2023-07-23 14:51:58 	13	22.62	68.8	21.89	66.76	9	9
2023-07-23 14:52:28 	14	22.7	69.46	21.9	68.38	9	9
2023-07-23 14:53:05 	15	22.81	72.22	21.9	69.83	9	9
2023-07-23 14:53:37 	16	23.08	77.08	21.97	70.33	9	9
2023-07-23 14:54:12 	17	23.2	70.28	22.0	69.7	9	9
2023-07-23 14:54:44 	18	23.04	65.74	22.01	66.41	9	9
2023-07-23 14:55:13 	19	22.93	66.38	22.0	65.99	9	9
2023-07-23 14:55:48 	20	22.84	65.81	21.98	65.44	9	9
2023-07-23 14:56:20 	21	22.69	65.58	21.9	64.67	9	9
2023-07-23 14:56:50 	22	22.58	66.43	21.89	65.01	9	9
2023-07-23 14:57:22 	23	22.49	66.24	21.78	64.83	9	9
2023-07-23 14:57:56 	24	22.41	66.2	21.7	64.97	9	9
2023-07-23 14:58:28 	25	22.3	66.38	21.7	65.11	9	9
2023-07-23 14:58:58 	26	22.3	66.32	21.64	65.07	9	9
2023-07-23 14:59:30 	27	22.21	66.59	21.56	65.04	9	9
2023-07-23 15:00:07 	28	22.17	66.53	21.5	65.34	9	9
2023-07-23 15:00:39 	29	22.11	66.88	21.5	65.31	9	9
2023-07-23 15:01:09 	30	22.1	67.09	21.5	65.39	9	9
2023-07-23 15:01:39 	31	22.06	67.02	21.5	65.47	9	9
2023-07-23 15:02:11 	32	22.02	67.01	21.42	65.56	9	9
2023-07-23 15:02:45 	33	22.0	66.96	21.4	65.57	9	9
2023-07-23 15:03:20 	34	22.0	66.98	21.4	65.5	9	9
2023-07-23 15:03:55 	35	22.0	67.17	21.4	65.5	9	9
2023-07-23 15:04:27 	36	21.99	67.04	21.4	65.52	9	9
2023-07-23 15:05:04 	37	21.97	67.03	21.37	65.52	9	9
2023-07-23 15:05:51 	38	21.91	67.04	21.34	65.44	9	9
2023-07-23 15:06:21 	39	21.91	67.0	21.3	65.22	9	9
2023-07-23 15:06:50 	40	21.9	66.91	21.3	65.16	9	9
2023-07-23 15:07:30 	41	21.91	66.9	21.3	64.91	9	9
2023-07-23 15:08:12 	42	21.9	66.87	21.3	64.79	9	9
2023-07-23 15:08:47 	43	21.9	66.71	21.3	65.0	9	9
2023-07-23 15:09:22 	44	21.9	66.64	21.3	64.91	9	9
2023-07-23 15:10:01 	45	21.89	66.58	21.3	64.99	9	9
2023-07-23 15:10:36 	46	21.86	66.4	21.3	64.79	9	9
2023-07-23 15:11:18 	47	21.86	66.39	21.3	64.73	9	9
2023-07-23 15:11:53 	48	21.87	66.39	21.3	64.57	9	9
2023-07-23 15:12:33 	49	21.86	66.54	21.3	64.72	9	9
2023-07-23 15:13:15 	50	21.84	66.49	21.3	64.83	9	9
2023-07-23 15:13:52 	51	21.81	66.3	21.26	64.68	9	9
2023-07-23 15:14:27 	52	21.8	66.2	21.3	64.72	9	9
2023-07-23 15:15:06 	53	21.8	66.1	21.24	64.59	9	9
2023-07-23 15:15:41 	54	21.81	66.11	21.23	64.7	9	9
2023-07-23 15:16:18 	55	21.81	66.2	21.21	64.66	9	9
2023-07-23 15:16:50 	56	21.8	66.2	21.2	64.6	9	9
2023-07-23 15:17:28 	57	21.8	66.24	21.2	64.6	9	9
2023-07-23 15:18:07 	58	21.8	66.27	21.2	64.59	9	9
2023-07-23 15:18:37 	59	21.8	66.22	21.19	64.58	9	9
2023-07-23 15:19:11 	60	21.8	66.2	21.19	64.63	9	9
2023-07-23 15:19:44 	61	21.8	66.2	21.19	64.68	9	9
2023-07-23 15:20:26 	62	21.8	66.13	21.16	64.56	9	9
2023-07-23 15:20:55 	63	21.8	66.11	21.14	64.5	9	9
2023-07-23 15:21:30 	64	21.8	66.18	21.11	64.5	9	9
2023-07-23 15:22:05 	65	21.8	66.2	21.13	64.5	9	9
2023-07-23 15:22:34 	66	21.8	66.2	21.1	64.59	9	9
2023-07-23 15:23:14 	67	21.8	66.2	21.1	64.68	9	9
2023-07-23 15:23:49 	68	21.8	66.2	21.1	64.69	9	9
2023-07-23 15:24:39 	69	21.79	66.14	21.1	64.53	9	9
2023-07-23 15:25:11 	70	21.8	66.09	21.1	64.5	9	9
2023-07-23 15:25:40 	71	21.8	66.03	21.1	64.4	9	9
2023-07-23 15:26:15 	72	21.8	65.82	21.1	64.18	9	9
2023-07-23 15:26:44 	73	21.8	65.7	21.1	64.01	9	9
2023-07-23 15:27:14 	74	21.8	65.7	21.12	63.99	9	9
2023-07-23 15:27:46 	75	21.8	65.7	21.1	64.0	9	9
2023-07-23 15:28:21 	76	21.8	65.84	21.11	64.14	9	9
2023-07-23 15:29:01 	77	21.8	65.89	21.13	64.2	9	9
2023-07-23 15:29:30 	78	21.8	65.8	21.19	64.1	9	9
2023-07-23 15:30:07 	79	21.8	65.77	21.14	64.06	9	9
2023-07-23 15:31:02 	80	21.8	65.69	21.19	63.93	9	9
2023-07-23 15:31:47 	81	21.8	65.7	21.19	63.98	9	9
2023-07-23 15:32:27 	82	21.8	65.7	21.2	63.98	9	9
2023-07-23 15:33:04 	83	21.8	65.69	21.2	64.0	9	9
2023-07-23 15:33:41 	84	21.81	65.66	21.2	64.02	9	9
2023-07-23 15:34:11 	85	21.81	65.6	21.2	64.1	9	9
2023-07-23 15:34:55 	86	21.8	65.66	21.2	63.98	9	9
2023-07-23 15:35:28 	87	21.8	65.7	21.2	64.0	9	9
2023-07-23 15:36:10 	88	21.8	65.6	21.2	64.0	9	9
2023-07-23 15:36:44 	89	21.8	65.69	21.2	63.96	9	9
2023-07-23 15:37:24 	90	21.8	65.71	21.18	64.08	9	9
2023-07-23 15:38:06 	91	21.8	65.8	21.18	64.07	9	9
2023-07-23 15:38:49 	92	21.8	65.79	21.13	64.02	9	9
2023-07-23 15:39:21 	93	21.8	65.79	21.1	64.03	9	9
2023-07-23 15:40:00 	94	21.8	65.78	21.1	64.01	9	9
2023-07-23 15:40:40 	95	21.8	65.8	21.1	64.09	9	9
2023-07-23 15:41:17 	96	21.8	65.73	21.1	64.06	9	9
2023-07-23 15:41:47 	97	21.8	65.7	21.1	64.0	9	9
2023-07-23 15:42:27 	98	21.8	65.78	21.1	64.03	9	9
2023-07-23 15:43:14 	99	21.8	65.79	21.1	64.09	9	9
2023-07-23 15:43:51 	100	21.8	65.7	21.1	64.02	9	9
2023-07-23 15:44:23 	101	21.8	65.7	21.1	64.1	9	9
2023-07-23 15:44:58 	102	21.8	65.7	21.1	64.08	9	9
2023-07-23 15:45:32 	103	21.8	65.66	21.1	64.0	9	9
2023-07-23 15:46:10 	104	21.8	65.6	21.1	63.97	9	9
2023-07-23 15:46:49 	105	21.8	65.7	21.1	63.93	9	9
2023-07-23 15:47:22 	106	21.8	65.76	21.1	64.02	9	9
2023-07-23 15:47:56 	107	21.8	65.8	21.1	64.09	9	9
2023-07-23 15:48:26 	108	21.8	65.86	21.1	64.1	9	9
2023-07-23 15:49:00 	109	21.8	65.9	21.1	64.19	9	9
2023-07-23 15:49:38 	110	21.8	65.9	21.1	64.2	9	9
2023-07-23 15:50:12 	111	21.8	65.9	21.1	64.2	9	9
2023-07-23 15:50:49 	112	21.8	65.87	21.1	64.1	9	9
2023-07-23 15:51:19 	113	21.8	65.89	21.1	64.14	9	9
2023-07-23 15:51:54 	114	21.8	65.9	21.1	64.2	9	9
2023-07-23 15:52:28 	115	21.8	65.9	21.1	64.2	9	9
2023-07-23 15:53:08 	116	21.8	65.92	21.1	64.2	9	9
2023-07-23 15:53:45 	117	21.8	65.94	21.1	64.2	9	9
2023-07-23 15:54:25 	118	21.8	65.89	21.1	64.19	9	9
2023-07-23 15:55:00 	119	21.8	65.76	21.1	64.09	9	9
2023-07-23 15:55:29 	120	21.8	65.62	21.1	63.86	9	9
2023-07-23 15:56:11 	121	21.8	65.6	21.11	63.66	9	9
2023-07-23 15:56:46 	122	21.8	65.4	21.1	63.71	9	9
2023-07-23 15:57:28 	123	21.8	65.17	21.11	63.69	9	9
2023-07-23 15:58:08 	124	21.8	65.11	21.1	63.7	9	9
2023-07-23 15:58:50 	125	21.8	65.26	21.11	63.62	9	9
2023-07-23 15:59:25 	126	21.8	65.2	21.1	63.58	9	9
2023-07-23 16:00:02 	127	21.8	65.3	21.1	63.62	9	9
2023-07-23 16:00:47 	128	21.8	65.23	21.1	63.64	9	9
2023-07-23 16:01:19 	129	21.8	65.18	21.1	63.48	9	9
2023-07-23 16:01:51 	130	21.8	65.26	21.1	63.59	9	9
2023-07-23 16:02:26 	131	21.8	65.32	21.1	63.6	9	9
2023-07-23 16:03:00 	132	21.8	65.39	21.1	63.68	9	9
2023-07-23 16:03:40 	133	21.8	65.4	21.1	63.74	9	9
2023-07-23 16:04:12 	134	21.8	65.41	21.1	63.7	9	9
2023-07-23 16:05:02 	135	21.8	65.47	21.1	63.72	9	9
2023-07-23 16:05:34 	136	21.8	65.4	21.1	63.7	9	9
2023-07-23 16:06:19 	137	21.8	65.4	21.1	63.7	9	9
2023-07-23 16:06:54 	138	21.8	65.24	21.1	63.59	9	9
2023-07-23 16:07:36 	139	21.8	65.13	21.1	63.42	9	9
2023-07-23 16:08:08 	140	21.8	65.22	21.1	63.58	9	9
2023-07-23 16:08:40 	141	21.8	65.23	21.1	63.69	9	9
2023-07-23 16:09:15 	142	21.8	65.2	21.1	63.53	9	9
2023-07-23 16:09:54 	143	21.8	65.41	21.1	63.62	9	9
2023-07-23 16:10:47 	144	21.79	65.58	21.1	63.81	9	9
2023-07-23 16:11:16 	145	21.8	65.59	21.1	63.79	9	9
2023-07-23 16:11:54 	146	21.8	65.5	21.12	63.7	9	9
2023-07-23 16:12:26 	147	21.8	65.42	21.2	63.69	9	9
2023-07-23 16:13:03 	148	21.8	65.24	21.22	63.54	9	9
2023-07-23 16:13:37 	149	21.8	65.18	21.27	63.48	9	9
2023-07-23 16:14:27 	150	21.8	65.22	21.3	63.4	9	9
2023-07-23 16:15:05 	151	21.8	65.11	21.3	63.31	9	9
2023-07-23 16:15:47 	152	21.8	65.03	21.3	63.2	9	9
2023-07-23 16:16:32 	153	21.8	65.06	21.3	63.16	9	9
2023-07-23 16:17:04 	154	21.83	65.1	21.3	63.23	9	9
2023-07-23 16:17:33 	155	21.87	65.1	21.31	63.28	9	9
2023-07-23 16:18:05 	156	21.88	65.14	21.3	63.27	9	9
2023-07-23 16:18:35 	157	21.9	65.1	21.3	63.3	9	9
2023-07-23 16:19:15 	158	21.9	65.13	21.31	63.29	9	9
2023-07-23 16:19:44 	159	21.9	65.07	21.31	63.3	9	9
2023-07-23 16:20:21 	160	21.9	65.0	21.33	63.26	9	9
2023-07-23 16:20:51 	161	21.9	64.92	21.3	63.28	9	9
2023-07-23 16:21:21 	162	21.92	64.9	21.33	63.26	9	9
2023-07-23 16:21:53 	163	21.93	64.9	21.36	63.21	9	9
2023-07-23 16:22:22 	164	21.93	64.89	21.38	63.2	9	9
2023-07-23 16:22:52 	165	21.97	64.9	21.38	63.2	9	9
2023-07-23 16:23:44 	166	21.93	64.9	21.4	63.12	9	9
2023-07-23 16:24:19 	167	21.9	64.92	21.4	63.0	9	9
2023-07-23 16:24:54 	168	21.91	64.91	21.4	63.08	9	9
2023-07-23 16:25:31 	169	21.9	64.91	21.4	63.1	9	9
2023-07-23 16:26:05 	170	21.91	64.9	21.4	63.03	9	9
2023-07-23 16:26:43 	171	21.9	64.97	21.4	63.01	9	9
2023-07-23 16:27:12 	172	21.9	64.98	21.4	63.0	9	9
2023-07-23 16:27:44 	173	21.89	64.92	21.4	63.0	9	9
2023-07-23 16:28:27 	174	21.9	64.92	21.4	63.0	9	9
2023-07-23 16:29:01 	175	21.9	64.9	21.4	63.0	9	9
2023-07-23 16:29:36 	176	21.9	64.91	21.4	63.0	9	9
2023-07-23 16:30:08 	177	21.9	64.96	21.4	63.0	9	9
2023-07-23 16:30:38 	178	21.9	64.94	21.4	63.0	9	9
2023-07-23 16:31:30 	179	21.89	64.94	21.4	63.0	9	9
2023-07-23 16:32:02 	180	21.9	64.98	21.4	62.97	9	9
2023-07-23 16:32:42 	181	21.9	64.97	21.4	62.98	9	9
2023-07-23 16:33:16 	182	21.88	64.96	21.4	62.94	9	9
2023-07-23 16:33:49 	183	21.83	65.0	21.38	62.99	9	9
2023-07-23 16:34:18 	184	21.84	65.0	21.38	63.0	9	9
2023-07-23 16:34:53 	185	21.82	65.01	21.38	63.02	9	9
2023-07-23 16:35:25 	186	21.87	65.03	21.3	63.04	9	9
2023-07-23 16:36:05 	187	21.84	65.1	21.33	63.1	9	9
2023-07-23 16:36:37 	188	21.83	65.1	21.32	63.12	9	9
2023-07-23 16:37:09 	189	21.81	65.08	21.3	63.09	9	9
2023-07-23 16:37:46 	190	21.81	65.08	21.31	63.09	9	9
2023-07-23 16:38:16 	191	21.8	65.1	21.3	63.0	9	9
2023-07-23 16:38:48 	192	21.86	65.1	21.3	63.03	9	9
2023-07-23 16:39:22 	193	21.83	65.1	21.34	63.04	9	9
2023-07-23 16:39:55 	194	21.81	65.1	21.31	63.06	9	9
2023-07-23 16:40:42 	195	21.82	65.11	21.3	63.1	9	9
2023-07-23 16:41:19 	196	21.83	65.19	21.32	63.16	9	9
2023-07-23 16:41:54 	197	21.88	65.18	21.3	63.2	9	9
2023-07-23 16:42:28 	198	21.9	65.18	21.3	63.2	9	9
2023-07-23 16:43:18 	199	21.89	65.1	21.31	63.2	9	9
2023-07-23 16:43:53 	200	21.89	65.16	21.32	63.21	9	9
2023-07-23 16:44:30 	201	21.89	65.18	21.32	63.27	9	9
2023-07-23 16:45:07 	202	21.89	65.09	21.31	63.22	9	9
2023-07-23 16:45:54 	203	21.89	65.0	21.31	63.13	9	9
2023-07-23 16:46:27 	204	21.9	65.0	21.31	63.19	9	9
2023-07-23 16:47:01 	205	21.89	64.92	21.34	63.07	9	9
2023-07-23 16:48:04 	206	21.9	64.94	21.38	63.03	9	9
2023-07-23 16:48:33 	207	21.9	65.0	21.36	63.06	9	9
2023-07-23 16:49:43 	208	21.89	65.03	21.36	63.03	9	9
2023-07-23 16:50:28 	209	21.87	65.03	21.39	63.01	9	9
2023-07-23 16:51:00 	210	21.89	64.9	21.37	62.9	9	9
2023-07-23 16:51:45 	211	21.88	64.9	21.33	62.9	9	9
2023-07-23 16:52:17 	212	21.88	64.88	21.36	62.88	9	9
2023-07-23 16:52:57 	213	21.83	64.9	21.38	62.84	9	9
2023-07-23 16:53:29 	214	21.82	64.91	21.32	62.91	9	9
2023-07-23 16:54:09 	215	21.82	64.9	21.3	62.92	9	9
2023-07-23 16:54:48 	216	21.82	64.9	21.31	62.88	9	9
2023-07-23 16:55:21 	217	21.83	64.93	21.3	62.94	9	9
2023-07-23 16:55:53 	218	21.8	65.0	21.3	63.0	9	9
2023-07-23 16:56:35 	219	21.8	65.0	21.3	63.01	9	9
2023-07-23 16:57:10 	220	21.81	64.99	21.3	63.0	9	9
2023-07-23 16:57:47 	221	21.82	64.99	21.3	63.0	9	9
2023-07-23 16:58:32 	222	21.81	65.0	21.3	63.0	9	9
2023-07-23 16:59:06 	223	21.8	65.06	21.3	63.0	9	9
2023-07-23 16:59:46 	224	21.8	65.1	21.3	63.1	9	9
2023-07-23 17:00:21 	225	21.8	65.12	21.3	63.16	9	9
2023-07-23 17:00:55 	226	21.8	65.19	21.3	63.2	9	9
2023-07-23 17:01:30 	227	21.8	65.21	21.3	63.2	9	9
2023-07-23 17:02:05 	228	21.8	65.24	21.3	63.2	9	9
2023-07-23 17:02:37 	229	21.8	65.29	21.3	63.29	9	9
2023-07-23 17:03:26 	230	21.8	65.3	21.3	63.27	9	9
2023-07-23 17:03:59 	231	21.8	65.3	21.3	63.29	9	9
2023-07-23 17:04:33 	232	21.8	65.28	21.3	63.3	9	9
2023-07-23 17:05:10 	233	21.8	65.24	21.3	63.28	9	9
2023-07-23 17:05:53 	234	21.8	65.2	21.3	63.23	9	9
2023-07-23 17:06:27 	235	21.8	65.2	21.3	63.28	9	9
2023-07-23 17:07:04 	236	21.8	65.09	21.3	63.21	9	9
2023-07-23 17:07:37 	237	21.8	65.06	21.3	63.2	9	9
2023-07-23 17:08:26 	238	21.81	65.1	21.3	63.21	9	9
2023-07-23 17:09:01 	239	21.82	65.04	21.3	63.24	9	9
2023-07-23 17:09:36 	240	21.84	65.01	21.3	63.28	9	9
2023-07-23 17:10:15 	241	21.87	65.0	21.3	63.29	9	9
2023-07-23 17:10:48 	242	21.9	65.02	21.3	63.29	9	9
2023-07-23 17:11:17 	243	21.88	65.08	21.3	63.22	9	9
2023-07-23 17:11:52 	244	21.87	64.96	21.3	63.2	9	9
2023-07-23 17:12:24 	245	21.87	65.0	21.3	63.19	9	9
2023-07-23 17:13:11 	246	21.84	65.02	21.3	63.2	9	9
2023-07-23 17:13:41 	247	21.83	65.1	21.3	63.2	9	9
2023-07-23 17:14:36 	248	21.82	65.1	21.3	63.21	9	9
2023-07-23 17:15:08 	249	21.84	65.09	21.3	63.21	9	9
2023-07-23 17:15:40 	250	21.84	65.1	21.3	63.23	9	9
2023-07-23 17:16:12 	251	21.8	64.97	21.3	63.11	9	9
2023-07-23 17:16:59 	252	21.83	65.02	21.3	63.16	9	9
2023-07-23 17:17:34 	253	21.8	65.08	21.3	63.19	9	9
2023-07-23 17:18:14 	254	21.81	65.1	21.3	63.2	9	9
2023-07-23 17:18:53 	255	21.8	65.27	21.3	63.3	9	9
2023-07-23 17:19:28 	256	21.8	65.33	21.3	63.3	9	9
2023-07-23 17:19:58 	257	21.8	65.3	21.3	63.31	9	9
2023-07-23 17:20:27 	258	21.8	65.3	21.3	63.4	9	9
2023-07-23 17:21:07 	259	21.8	65.33	21.3	63.43	9	9
2023-07-23 17:21:39 	260	21.8	65.4	21.3	63.47	9	9
2023-07-23 17:22:19 	261	21.8	65.4	21.28	63.49	9	9
2023-07-23 17:22:59 	262	21.8	65.4	21.29	63.5	9	9
2023-07-23 17:23:31 	263	21.8	65.4	21.29	63.5	9	9
2023-07-23 17:24:00 	264	21.8	65.4	21.26	63.5	9	9
2023-07-23 17:24:37 	265	21.8	65.4	21.27	63.51	9	9
2023-07-23 17:25:10 	266	21.8	65.4	21.21	63.5	9	9
2023-07-23 17:25:42 	267	21.8	65.41	21.21	63.5	9	9
2023-07-23 17:26:11 	268	21.8	65.47	21.24	63.53	9	9
2023-07-23 17:26:43 	269	21.8	65.47	21.21	63.6	9	9
2023-07-23 17:27:21 	270	21.8	65.42	21.2	63.6	9	9
2023-07-23 17:27:53 	271	21.8	65.4	21.21	63.57	9	9
2023-07-23 17:28:22 	272	21.8	65.32	21.2	63.48	9	9
2023-07-23 17:28:52 	273	21.8	65.3	21.2	63.42	9	9
2023-07-23 17:29:24 	274	21.8	65.26	21.21	63.4	9	9
2023-07-23 17:29:56 	275	21.8	65.2	21.2	63.38	9	9
2023-07-23 17:30:38 	276	21.8	65.2	21.22	63.28	9	9
2023-07-23 17:31:08 	277	21.8	65.14	21.21	63.31	9	9
2023-07-23 17:31:38 	278	21.8	65.11	21.21	63.42	9	9
2023-07-23 17:32:15 	279	21.8	65.12	21.22	63.4	9	9
2023-07-23 17:32:47 	280	21.8	65.1	21.26	63.38	9	9
2023-07-23 17:33:21 	281	21.8	65.1	21.24	63.38	9	9
2023-07-23 17:33:51 	282	21.8	65.13	21.28	63.4	9	9
2023-07-23 17:34:33 	283	21.82	65.28	21.28	63.46	9	9
2023-07-23 17:35:08 	284	21.82	65.24	21.29	63.53	9	9
2023-07-23 17:35:43 	285	21.8	65.2	21.3	63.43	9	9
2023-07-23 17:36:17 	286	21.83	65.2	21.29	63.49	9	9
2023-07-23 17:36:47 	287	21.82	65.2	21.29	63.46	9	9
2023-07-23 17:37:16 	288	21.81	65.23	21.3	63.4	9	9
2023-07-23 17:37:49 	289	21.82	65.28	21.29	63.41	9	9
2023-07-23 17:38:26 	290	21.83	65.22	21.3	63.4	9	9
2023-07-23 17:39:05 	291	21.8	65.1	21.3	63.4	9	9
2023-07-23 17:39:35 	292	21.8	65.1	21.29	63.4	9	9
2023-07-23 17:40:12 	293	21.83	65.18	21.28	63.42	9	9
2023-07-23 17:40:49 	294	21.8	65.26	21.29	63.5	9	9
2023-07-23 17:41:19 	295	21.8	65.33	21.26	63.49	9	9
2023-07-23 17:42:01 	296	21.8	65.4	21.26	63.52	9	9
2023-07-23 17:42:41 	297	21.8	65.42	21.26	63.57	9	9
2023-07-23 17:43:28 	298	21.8	65.49	21.24	63.6	9	9
2023-07-23 17:43:58 	299	21.8	65.44	21.22	63.6	9	9
2023-07-23 17:44:38 	300	21.8	65.4	21.22	63.57	9	9
2023-07-23 17:45:15 	301	21.8	65.41	21.21	63.57	9	9
2023-07-23 17:45:57 	302	21.8	65.4	21.21	63.57	9	9
2023-07-23 17:46:42 	303	21.8	65.4	21.2	63.54	9	9
2023-07-23 17:47:27 	304	21.8	65.49	21.2	63.58	9	9
2023-07-23 17:48:19 	305	21.8	65.41	21.2	63.56	9	9
2023-07-23 17:49:06 	306	21.8	65.6	21.2	63.62	9	9
2023-07-23 17:49:51 	307	21.8	65.6	21.2	63.7	9	9
2023-07-23 17:50:31 	308	21.8	65.6	21.2	63.7	9	9
2023-07-23 17:51:00 	309	21.8	65.64	21.2	63.71	9	9
2023-07-23 17:51:30 	310	21.8	65.62	21.2	63.74	9	9
2023-07-23 17:52:04 	311	21.8	65.6	21.2	63.7	9	9
2023-07-23 17:52:37 	312	21.8	65.61	21.18	63.71	9	9
2023-07-23 17:53:06 	313	21.8	65.6	21.19	63.7	9	9
2023-07-23 17:53:36 	314	21.8	65.6	21.17	63.7	9	9
2023-07-23 17:54:05 	315	21.8	65.6	21.17	63.7	9	9
2023-07-23 17:54:58 	316	21.8	65.66	21.18	63.8	9	9
2023-07-23 17:55:30 	317	21.8	65.7	21.18	63.9	9	9
2023-07-23 17:56:02 	318	21.8	65.7	21.16	63.9	9	9
2023-07-23 17:56:34 	319	21.8	65.71	21.16	63.9	9	9
2023-07-23 17:57:14 	320	21.8	65.79	21.19	63.93	9	9
2023-07-23 17:57:51 	321	21.8	65.7	21.2	63.96	9	9
2023-07-23 17:58:33 	322	21.8	65.66	21.2	63.96	9	9
2023-07-23 17:59:05 	323	21.8	65.6	21.2	63.9	9	9
2023-07-23 17:59:37 	324	21.8	65.59	21.2	63.83	9	9
2023-07-23 18:00:07 	325	21.8	65.5	21.2	63.82	9	9
2023-07-23 18:00:39 	326	21.8	65.52	21.2	63.8	9	9
2023-07-23 18:01:21 	327	21.8	65.59	21.2	63.77	9	9
2023-07-23 18:01:56 	328	21.8	65.43	21.22	63.71	9	9
2023-07-23 18:02:48 	329	21.8	65.5	21.2	63.7	9	9
2023-07-23 18:03:21 	330	21.8	65.58	21.26	63.7	9	9
2023-07-23 18:04:00 	331	21.8	65.57	21.2	63.7	9	9
2023-07-23 18:04:37 	332	21.8	65.61	21.2	63.76	9	9
2023-07-23 18:05:15 	333	21.8	65.6	21.2	63.73	9	9
2023-07-23 18:05:49 	334	21.8	65.59	21.2	63.7	9	9
2023-07-23 18:06:24 	335	21.8	65.63	21.2	63.72	9	9
2023-07-23 18:06:56 	336	21.8	65.71	21.2	63.87	9	9
2023-07-23 18:07:28 	337	21.8	65.72	21.2	63.89	9	9
2023-07-23 18:08:16 	338	21.8	65.82	21.2	63.94	9	9
2023-07-23 18:08:55 	339	21.8	65.9	21.2	64.07	9	9
2023-07-23 18:09:25 	340	21.8	65.92	21.2	64.07	9	9
2023-07-23 18:10:05 	341	21.8	65.96	21.18	64.08	9	9
2023-07-23 18:10:39 	342	21.8	66.06	21.16	64.12	9	9
2023-07-23 18:11:09 	343	21.8	66.04	21.14	64.19	9	9
2023-07-23 18:11:46 	344	21.8	66.1	21.12	64.24	9	9
2023-07-23 18:12:23 	345	21.8	66.12	21.1	64.34	9	9
2023-07-23 18:13:05 	346	21.8	66.17	21.1	64.28	9	9
2023-07-23 18:13:35 	347	21.8	66.2	21.11	64.3	9	9
2023-07-23 18:14:17 	348	21.8	66.14	21.1	64.28	9	9
2023-07-23 18:14:52 	349	21.8	66.16	21.1	64.31	9	9
2023-07-23 18:15:26 	350	21.8	66.19	21.1	64.38	9	9
2023-07-23 18:16:04 	351	21.8	66.14	21.1	64.39	9	9
2023-07-23 18:16:33 	352	21.8	66.13	21.1	64.39	9	9
2023-07-23 18:17:05 	353	21.8	66.1	21.1	64.34	9	9
2023-07-23 18:17:45 	354	21.8	66.1	21.1	64.3	9	9
2023-07-23 18:18:15 	355	21.8	66.1	21.1	64.3	9	9
2023-07-23 18:19:05 	356	21.8	66.06	21.1	64.3	9	9
2023-07-23 18:19:42 	357	21.8	66.04	21.1	64.21	9	9
2023-07-23 18:20:14 	358	21.8	66.0	21.1	64.28	9	9
2023-07-23 18:20:54 	359	21.8	66.0	21.1	64.29	9	9
2023-07-23 18:21:36 	360	21.8	66.0	21.1	64.32	9	9
2023-07-23 18:22:08 	361	21.8	66.0	21.1	64.3	9	9
2023-07-23 18:22:40 	362	21.8	66.0	21.12	64.31	9	9
2023-07-23 18:23:15 	363	21.8	66.0	21.13	64.3	9	9
2023-07-23 18:23:47 	364	21.8	65.98	21.13	64.27	9	9
2023-07-23 18:24:19 	365	21.8	65.92	21.17	64.22	9	9
2023-07-23 18:24:56 	366	21.8	65.9	21.13	64.2	9	9
2023-07-23 18:25:28 	367	21.8	65.86	21.18	64.18	9	9
2023-07-23 18:26:00 	368	21.8	65.84	21.18	64.13	9	9
2023-07-23 18:26:35 	369	21.8	65.9	21.19	64.13	9	9
2023-07-23 18:27:10 	370	21.8	65.9	21.18	64.16	9	9
2023-07-23 18:27:44 	371	21.8	65.9	21.14	64.2	9	9
2023-07-23 18:28:14 	372	21.8	65.9	21.19	64.16	9	9
2023-07-23 18:28:46 	373	21.8	65.87	21.16	64.12	9	9
2023-07-23 18:29:31 	374	21.8	65.9	21.16	64.1	9	9
2023-07-23 18:30:03 	375	21.8	65.9	21.13	64.12	9	9
2023-07-23 18:30:38 	376	21.8	65.81	21.13	64.11	9	9
2023-07-23 18:31:07 	377	21.8	65.88	21.12	64.1	9	9
2023-07-23 18:31:37 	378	21.8	65.9	21.1	64.1	9	9
2023-07-23 18:32:09 	379	21.8	65.9	21.11	64.1	9	9
2023-07-23 18:32:38 	380	21.8	65.9	21.11	64.11	9	9
2023-07-23 18:33:11 	381	21.8	65.92	21.1	64.17	9	9
2023-07-23 18:33:45 	382	21.8	65.9	21.1	64.18	9	9
2023-07-23 18:34:17 	383	21.8	66.0	21.1	64.18	9	9
2023-07-23 18:34:49 	384	21.8	65.9	21.1	64.12	9	9
2023-07-23 18:35:24 	385	21.8	65.94	21.1	64.14	9	9
2023-07-23 18:35:59 	386	21.8	65.89	21.1	64.1	9	9
2023-07-23 18:36:38 	387	21.8	65.91	21.1	64.12	9	9
2023-07-23 18:37:11 	388	21.8	66.11	21.1	64.19	9	9
2023-07-23 18:37:40 	389	21.8	66.2	21.1	64.3	9	9
2023-07-23 18:38:17 	390	21.8	66.2	21.1	64.37	9	9
2023-07-23 18:38:55 	391	21.8	66.3	21.1	64.49	9	9
2023-07-23 18:39:27 	392	21.8	66.3	21.1	64.54	9	9
2023-07-23 18:40:09 	393	21.79	66.31	21.1	64.56	9	9
2023-07-23 18:40:38 	394	21.77	66.4	21.1	64.6	9	9
2023-07-23 18:41:08 	395	21.79	66.4	21.1	64.61	9	9
2023-07-23 18:41:40 	396	21.8	66.43	21.1	64.7	9	9
2023-07-23 18:42:25 	397	21.8	66.48	21.1	64.69	9	9
2023-07-23 18:43:10 	398	21.79	66.43	21.1	64.69	9	9
2023-07-23 18:43:42 	399	21.8	66.41	21.1	64.68	9	9
2023-07-23 18:44:14 	400	21.79	66.36	21.1	64.67	9	9
2023-07-23 18:44:44 	401	21.8	66.3	21.1	64.56	9	9
2023-07-23 18:45:23 	402	21.8	66.23	21.1	64.58	9	9
2023-07-23 18:46:08 	403	21.8	66.44	21.1	64.7	9	9
2023-07-23 18:46:43 	404	21.8	66.47	21.1	64.69	9	9
2023-07-23 18:47:15 	405	21.8	66.49	21.1	64.72	9	9
2023-07-23 18:47:49 	406	21.8	66.4	21.1	64.63	9	9
2023-07-23 18:48:34 	407	21.8	66.37	21.1	64.49	9	9
2023-07-23 18:49:11 	408	21.8	66.2	21.1	64.4	9	9
2023-07-23 18:49:46 	409	21.8	66.19	21.1	64.37	9	9
2023-07-23 18:50:23 	410	21.8	66.12	21.1	64.33	9	9
2023-07-23 18:51:00 	411	21.8	66.09	21.1	64.29	9	9
2023-07-23 18:51:33 	412	21.8	66.1	21.1	64.29	9	9
2023-07-23 18:52:10 	413	21.8	66.04	21.1	64.28	9	9
2023-07-23 18:52:39 	414	21.8	66.0	21.1	64.27	9	9
2023-07-23 18:53:19 	415	21.8	66.0	21.1	64.23	9	9
2023-07-23 18:54:04 	416	21.8	66.0	21.1	64.2	9	9
2023-07-23 18:54:41 	417	21.8	66.0	21.1	64.2	9	9
2023-07-23 18:55:18 	418	21.8	66.0	21.1	64.2	9	9
2023-07-23 18:55:55 	419	21.8	66.0	21.1	64.24	9	9
2023-07-23 18:56:27 	420	21.8	66.1	21.1	64.3	9	9
2023-07-23 18:57:02 	421	21.8	66.11	21.1	64.32	9	9
2023-07-23 18:57:32 	422	21.8	66.2	21.1	64.39	9	9
2023-07-23 18:58:11 	423	21.8	66.2	21.1	64.4	9	9
2023-07-23 18:58:41 	424	21.8	66.2	21.1	64.42	9	9
2023-07-23 18:59:16 	425	21.8	66.2	21.1	64.4	9	9
2023-07-23 18:59:58 	426	21.8	66.21	21.1	64.42	9	9
2023-07-23 19:00:40 	427	21.8	66.21	21.1	64.47	9	9
2023-07-23 19:01:12 	428	21.8	66.31	21.1	64.57	9	9
2023-07-23 19:01:52 	429	21.79	66.4	21.1	64.62	9	9
2023-07-23 19:02:34 	430	21.79	66.34	21.1	64.7	9	9
2023-07-23 19:03:19 	431	21.78	66.38	21.1	64.64	9	9
2023-07-23 19:03:49 	432	21.76	66.48	21.1	64.7	9	9
2023-07-23 19:04:33 	433	21.78	66.4	21.1	64.7	9	9
2023-07-23 19:05:08 	434	21.79	66.39	21.1	64.7	9	9
2023-07-23 19:06:00 	435	21.71	66.41	21.1	64.64	9	9
2023-07-23 19:06:30 	436	21.73	66.39	21.1	64.62	9	9
2023-07-23 19:07:05 	437	21.76	66.33	21.1	64.62	9	9
2023-07-23 19:07:39 	438	21.74	66.43	21.1	64.68	9	9
2023-07-23 19:08:11 	439	21.77	66.34	21.1	64.67	9	9
2023-07-23 19:08:43 	440	21.77	66.23	21.1	64.54	9	9
2023-07-23 19:09:26 	441	21.78	66.2	21.1	64.49	9	9
2023-07-23 19:09:55 	442	21.8	66.12	21.1	64.51	9	9
2023-07-23 19:10:27 	443	21.8	66.2	21.1	64.5	9	9
2023-07-23 19:11:10 	444	21.79	66.2	21.1	64.5	9	9
2023-07-23 19:11:49 	445	21.79	66.09	21.1	64.32	9	9
2023-07-23 19:12:24 	446	21.8	66.0	21.1	64.21	9	9
2023-07-23 19:13:01 	447	21.8	65.99	21.1	64.23	9	9
2023-07-23 19:13:36 	448	21.8	65.91	21.1	64.21	9	9
2023-07-23 19:14:13 	449	21.8	65.9	21.1	64.23	9	9
2023-07-23 19:14:48 	450	21.8	65.9	21.1	64.2	9	9
2023-07-23 19:15:27 	451	21.8	65.89	21.1	64.2	9	9
2023-07-23 19:16:02 	452	21.8	65.9	21.1	64.2	9	9
2023-07-23 19:16:34 	453	21.8	65.9	21.1	64.2	9	9
2023-07-23 19:17:04 	454	21.8	65.9	21.1	64.2	9	9
2023-07-23 19:17:38 	455	21.8	65.9	21.1	64.14	9	9
2023-07-23 19:18:11 	456	21.8	65.87	21.1	64.19	9	9
2023-07-23 19:18:50 	457	21.8	65.84	21.1	64.1	9	9
2023-07-23 19:19:33 	458	21.8	65.83	21.1	64.11	9	9
2023-07-23 19:20:10 	459	21.8	65.8	21.1	64.1	9	9
2023-07-23 19:20:52 	460	21.8	65.82	21.1	64.04	9	9
2023-07-23 19:21:32 	461	21.8	65.82	21.1	64.1	9	9
2023-07-23 19:22:09 	462	21.8	65.89	21.1	64.11	9	9
2023-07-23 19:22:43 	463	21.8	65.89	21.1	64.1	9	9
2023-07-23 19:23:16 	464	21.8	65.9	21.1	64.13	9	9
2023-07-23 19:23:55 	465	21.8	65.9	21.1	64.1	9	9
2023-07-23 19:24:25 	466	21.8	65.87	21.1	64.1	9	9
2023-07-23 19:25:05 	467	21.8	65.9	21.1	64.11	9	9
2023-07-23 19:25:39 	468	21.8	65.91	21.1	64.19	9	9
2023-07-23 19:26:11 	469	21.8	65.9	21.1	64.17	9	9
2023-07-23 19:26:44 	470	21.8	65.9	21.1	64.13	9	9
2023-07-23 19:27:13 	471	21.8	65.99	21.1	64.17	9	9
2023-07-23 19:27:45 	472	21.8	65.91	21.1	64.21	9	9
2023-07-23 19:28:17 	473	21.8	65.98	21.1	64.24	9	9
2023-07-23 19:28:49 	474	21.8	66.02	21.1	64.23	9	9
2023-07-23 19:29:24 	475	21.79	66.23	21.1	64.38	9	9
2023-07-23 19:29:54 	476	21.79	66.14	21.1	64.4	9	9
2023-07-23 19:30:33 	477	21.79	66.02	21.1	64.32	9	9
2023-07-23 19:31:06 	478	21.8	66.0	21.1	64.29	9	9
2023-07-23 19:31:45 	479	21.8	65.99	21.1	64.27	9	9
2023-07-23 19:32:22 	480	21.79	65.91	21.1	64.2	9	9
2023-07-23 19:32:57 	481	21.8	65.86	21.1	64.16	9	9
2023-07-23 19:33:37 	482	21.79	65.74	21.1	64.06	9	9
2023-07-23 19:34:11 	483	21.8	65.7	21.1	64.01	9	9
2023-07-23 19:34:41 	484	21.8	65.71	21.1	64.0	9	9
2023-07-23 19:35:13 	485	21.8	65.7	21.1	64.04	9	9
2023-07-23 19:35:55 	486	21.8	65.7	21.1	64.02	9	9
2023-07-23 19:36:25 	487	21.8	65.71	21.1	64.1	9	9
2023-07-23 19:37:05 	488	21.8	65.72	21.1	64.06	9	9
2023-07-23 19:37:42 	489	21.8	65.7	21.1	64.0	9	9
2023-07-23 19:38:14 	490	21.8	65.7	21.1	64.0	9	9
2023-07-23 19:38:54 	491	21.8	65.61	21.1	63.99	9	9
2023-07-23 19:39:23 	492	21.8	65.6	21.1	64.0	9	9
2023-07-23 19:39:58 	493	21.8	65.6	21.1	64.0	9	9
2023-07-23 19:40:38 	494	21.8	65.63	21.1	64.0	9	9
2023-07-23 19:41:12 	495	21.8	65.7	21.1	64.0	9	9
2023-07-23 19:41:47 	496	21.8	65.8	21.1	64.04	9	9
2023-07-23 19:42:19 	497	21.8	65.86	21.1	64.1	9	9
2023-07-23 19:42:54 	498	21.8	65.83	21.1	64.11	9	9
2023-07-23 19:43:26 	499	21.8	65.87	21.1	64.13	9	9
2023-07-23 19:44:08 	500	21.8	65.9	21.1	64.16	9	9
2023-07-23 19:44:45 	501	21.8	65.94	21.1	64.19	9	9
2023-07-23 19:45:25 	502	21.8	65.99	21.1	64.2	9	9
2023-07-23 19:45:57 	503	21.8	65.9	21.1	64.2	9	9
2023-07-23 19:46:32 	504	21.8	65.9	21.1	64.2	9	9
2023-07-23 19:47:06 	505	21.8	65.89	21.1	64.19	9	9
2023-07-23 19:47:41 	506	21.8	65.9	21.1	64.13	9	9
2023-07-23 19:48:23 	507	21.8	65.94	21.1	64.11	9	9
2023-07-23 19:48:58 	508	21.8	66.0	21.1	64.14	9	9
2023-07-23 19:49:40 	509	21.8	66.09	21.1	64.2	9	9
2023-07-23 19:50:15 	510	21.8	66.1	21.1	64.22	9	9
2023-07-23 19:50:47 	511	21.8	66.11	21.1	64.29	9	9
2023-07-23 19:51:17 	512	21.8	66.2	21.1	64.3	9	9
2023-07-23 19:51:51 	513	21.8	66.2	21.1	64.37	9	9
2023-07-23 19:52:33 	514	21.8	66.29	21.11	64.37	9	9
2023-07-23 19:53:03 	515	21.8	66.2	21.13	64.3	9	9
2023-07-23 19:53:48 	516	21.8	66.28	21.16	64.31	9	9
2023-07-23 19:54:20 	517	21.8	66.3	21.18	64.4	9	9
2023-07-23 19:54:57 	518	21.8	66.3	21.2	64.4	9	9
2023-07-23 19:55:32 	519	21.8	66.2	21.19	64.36	9	9
2023-07-23 19:56:04 	520	21.8	66.29	21.2	64.4	9	9
2023-07-23 19:56:38 	521	21.8	66.3	21.2	64.43	9	9
2023-07-23 19:57:16 	522	21.8	66.3	21.2	64.42	9	9
2023-07-23 19:57:53 	523	21.8	66.36	21.2	64.41	9	9
2023-07-23 19:58:38 	524	21.8	66.26	21.2	64.37	9	9
2023-07-23 19:59:27 	525	21.8	66.14	21.2	64.24	9	9
2023-07-23 20:00:02 	526	21.8	66.11	21.2	64.24	9	9
2023-07-23 20:00:37 	527	21.8	66.18	21.2	64.3	9	9
2023-07-23 20:01:14 	528	21.8	66.12	21.2	64.31	9	9
2023-07-23 20:01:44 	529	21.82	66.1	21.2	64.34	9	9
2023-07-23 20:02:21 	530	21.81	66.1	21.2	64.32	9	9
2023-07-23 20:03:00 	531	21.8	66.04	21.2	64.3	9	9
2023-07-23 20:03:33 	532	21.82	66.0	21.21	64.3	9	9
2023-07-23 20:04:02 	533	21.83	66.0	21.2	64.3	9	9
2023-07-23 20:04:37 	534	21.82	66.0	21.23	64.27	9	9
2023-07-23 20:05:19 	535	21.82	66.0	21.24	64.24	9	9
2023-07-23 20:05:51 	536	21.82	66.0	21.3	64.24	9	9
2023-07-23 20:06:26 	537	21.84	66.22	21.26	64.3	9	9
2023-07-23 20:06:58 	538	21.98	67.64	21.3	66.06	9	9
2023-07-23 20:07:33 	539	22.22	67.79	21.42	66.49	9	9
2023-07-23 20:08:12 	540	22.64	73.14	21.53	67.89	9	9
2023-07-23 20:08:44 	541	23.19	76.82	21.7	69.12	9	9
2023-07-23 20:09:19 	542	23.58	71.11	21.86	68.32	9	9
2023-07-23 20:09:56 	543	23.76	68.44	21.91	66.81	9	9
2023-07-23 20:10:26 	544	23.73	68.39	22.01	67.68	9	9
2023-07-23 20:10:58 	545	23.52	66.68	22.09	67.34	9	9
2023-07-23 20:11:33 	546	23.36	69.58	22.2	68.64	9	9
2023-07-23 20:12:07 	547	23.29	69.38	22.32	68.23	9	9
2023-07-23 20:12:42 	548	23.19	68.71	22.5	67.08	9	9
2023-07-23 20:13:11 	549	23.0	67.04	22.5	65.22	9	9
2023-07-23 20:13:46 	550	22.86	66.33	22.46	64.31	9	9
2023-07-23 20:14:28 	551	22.74	67.84	22.31	66.8	9	9
2023-07-23 20:15:00 	552	22.63	67.5	22.3	65.06	9	9
2023-07-23 20:15:33 	553	22.58	67.68	22.22	65.02	9	9
2023-07-23 20:16:02 	554	22.5	67.1	22.18	64.33	9	9
2023-07-23 20:16:32 	555	22.41	67.29	22.1	64.32	9	9
2023-07-23 20:17:01 	556	22.33	67.2	22.08	64.49	9	9
2023-07-23 20:17:31 	557	22.3	67.24	22.0	64.43	9	9
2023-07-23 20:18:03 	558	22.29	67.34	21.92	64.63	9	9
2023-07-23 20:18:38 	559	22.23	67.46	21.9	64.76	9	9
2023-07-23 20:19:10 	560	22.2	67.59	21.88	64.81	9	9
2023-07-23 20:19:45 	561	22.18	67.56	21.78	64.91	9	9
2023-07-23 20:20:14 	562	22.14	67.53	21.7	65.0	9	9
2023-07-23 20:20:56 	563	22.1	67.5	21.7	65.03	9	9
2023-07-23 20:21:34 	564	22.06	67.5	21.7	65.16	9	9
2023-07-23 20:22:03 	565	22.06	67.5	21.68	65.18	9	9
2023-07-23 20:22:33 	566	22.0	67.49	21.6	65.22	9	9
2023-07-23 20:23:02 	567	22.0	67.4	21.58	65.27	9	9
2023-07-23 20:23:45 	568	22.0	67.41	21.52	65.29	9	9
2023-07-23 20:24:24 	569	22.0	67.4	21.5	65.27	9	9
2023-07-23 20:25:04 	570	21.99	67.4	21.5	65.33	9	9
2023-07-23 20:25:36 	571	22.0	67.4	21.5	65.32	9	9
2023-07-23 20:26:08 	572	21.99	67.39	21.5	65.36	9	9
2023-07-23 20:26:38 	573	21.97	67.38	21.5	65.37	9	9
2023-07-23 20:27:30 	574	21.96	67.36	21.5	65.32	9	9
2023-07-23 20:28:05 	575	21.92	67.3	21.5	65.31	9	9
2023-07-23 20:28:42 	576	21.93	67.3	21.5	65.37	9	9
2023-07-23 20:29:17 	577	21.94	67.3	21.5	65.36	9	9
2023-07-23 20:29:49 	578	21.92	67.3	21.48	65.31	9	9
2023-07-23 20:30:18 	579	21.91	67.28	21.47	65.33	9	9
2023-07-23 20:31:01 	580	21.9	67.26	21.46	65.34	9	9
2023-07-23 20:31:35 	581	21.94	67.26	21.43	65.3	9	9
2023-07-23 20:32:10 	582	21.91	67.2	21.4	65.3	9	9
2023-07-23 20:32:44 	583	21.91	67.2	21.4	65.3	9	9
2023-07-23 20:33:19 	584	21.9	67.2	21.4	65.28	9	9
2023-07-23 20:33:54 	585	21.91	67.2	21.4	65.29	9	9
2023-07-23 20:34:23 	586	21.9	67.19	21.4	65.3	9	9
2023-07-23 20:34:56 	587	21.9	67.13	21.4	65.24	9	9
2023-07-23 20:35:33 	588	21.9	67.11	21.4	65.26	9	9
2023-07-23 20:36:17 	589	21.9	67.1	21.4	65.24	9	9
2023-07-23 20:36:55 	590	21.92	67.09	21.4	65.24	9	9
2023-07-23 20:37:32 	591	21.9	67.09	21.4	65.23	9	9
2023-07-23 20:38:09 	592	21.9	67.08	21.4	65.21	9	9
2023-07-23 20:38:46 	593	21.9	67.01	21.4	65.2	9	9
2023-07-23 20:39:16 	594	21.91	67.01	21.4	65.2	9	9
2023-07-23 20:39:45 	595	21.9	67.0	21.4	65.19	9	9
2023-07-23 20:40:23 	596	21.9	67.0	21.4	65.19	9	9
2023-07-23 20:40:52 	597	21.9	67.0	21.4	65.19	9	9
2023-07-23 20:41:29 	598	21.9	67.0	21.4	65.19	9	9
2023-07-23 20:42:01 	599	21.9	67.0	21.39	65.19	9	9
2023-07-23 20:42:46 	600	21.9	67.0	21.4	65.19	9	9
2023-07-23 20:43:31 	601	21.9	67.0	21.4	65.19	9	9
2023-07-23 20:44:08 	602	21.9	67.0	21.4	65.18	9	9
2023-07-23 20:44:43 	603	21.89	67.0	21.39	65.17	9	9
2023-07-23 20:45:20 	604	21.9	67.0	21.38	65.14	9	9
2023-07-23 20:45:52 	605	21.9	67.0	21.33	65.2	9	9
2023-07-23 20:46:32 	606	21.89	67.0	21.36	65.16	9	9
2023-07-23 20:47:12 	607	21.9	67.0	21.39	65.13	9	9
2023-07-23 20:47:44 	608	21.89	67.0	21.36	65.17	9	9
2023-07-23 20:48:21 	609	21.9	67.0	21.32	65.1	9	9
2023-07-23 20:49:03 	610	21.88	67.0	21.31	65.12	9	9
2023-07-23 20:49:33 	611	21.9	67.0	21.33	65.1	9	9
2023-07-23 20:50:02 	612	21.9	67.0	21.33	65.1	9	9
2023-07-23 20:50:39 	613	21.89	66.97	21.33	65.07	9	9
2023-07-23 20:51:24 	614	21.88	66.98	21.33	65.1	9	9
2023-07-23 20:52:06 	615	21.9	67.0	21.32	65.09	9	9
2023-07-23 20:52:36 	616	21.89	66.98	21.33	65.08	9	9
2023-07-23 20:53:06 	617	21.9	66.96	21.36	65.1	9	9
2023-07-23 20:53:48 	618	21.89	66.97	21.31	65.1	9	9
2023-07-23 20:54:20 	619	21.9	66.9	21.37	65.03	9	9
2023-07-23 20:55:07 	620	21.89	66.9	21.36	65.03	9	9
2023-07-23 20:55:37 	621	21.88	66.9	21.34	65.01	9	9
2023-07-23 20:56:07 	622	21.89	66.9	21.34	65.0	9	9
2023-07-23 20:56:41 	623	21.88	66.89	21.37	65.0	9	9
2023-07-23 20:57:16 	624	21.87	66.9	21.37	65.0	9	9
2023-07-23 20:57:53 	625	21.88	66.9	21.36	65.0	9	9
2023-07-23 20:58:28 	626	21.89	66.87	21.31	65.0	9	9
2023-07-23 20:59:05 	627	21.88	66.88	21.32	64.99	9	9
2023-07-23 20:59:39 	628	21.87	66.9	21.31	65.0	9	9
2023-07-23 21:00:17 	629	21.88	66.88	21.31	64.99	9	9
2023-07-23 21:00:46 	630	21.88	66.82	21.3	65.0	9	9
2023-07-23 21:01:23 	631	21.88	66.81	21.3	65.0	9	9
2023-07-23 21:01:56 	632	21.86	66.81	21.3	64.99	9	9
2023-07-23 21:02:28 	633	21.86	66.84	21.3	64.97	9	9
2023-07-23 21:03:00 	634	21.86	66.8	21.3	64.93	9	9
2023-07-23 21:03:39 	635	21.88	66.84	21.3	64.96	9	9
2023-07-23 21:04:14 	636	21.84	66.87	21.3	64.97	9	9
2023-07-23 21:04:51 	637	21.84	66.83	21.3	64.99	9	9
2023-07-23 21:05:28 	638	21.82	66.84	21.3	64.94	9	9
2023-07-23 21:06:13 	639	21.87	66.86	21.3	64.99	9	9
2023-07-23 21:06:45 	640	21.87	66.86	21.3	64.99	9	9
2023-07-23 21:07:23 	641	21.88	66.86	21.3	64.97	9	9
2023-07-23 21:07:57 	642	21.88	66.88	21.3	64.99	9	9
2023-07-23 21:08:29 	643	21.83	66.9	21.3	65.0	9	9
2023-07-23 21:09:04 	644	21.89	66.9	21.3	65.0	9	9
2023-07-23 21:09:34 	645	21.84	66.9	21.3	64.99	9	9
2023-07-23 21:10:11 	646	21.87	66.9	21.3	65.0	9	9
2023-07-23 21:10:43 	647	21.83	66.9	21.3	65.0	9	9
2023-07-23 21:11:18 	648	21.87	66.91	21.3	65.0	9	9
2023-07-23 21:12:00 	649	21.84	66.9	21.3	65.0	9	9
2023-07-23 21:12:39 	650	21.83	66.97	21.3	65.0	9	9
2023-07-23 21:13:14 	651	21.83	66.98	21.3	65.0	9	9
2023-07-23 21:13:49 	652	21.82	66.96	21.3	65.0	9	9
2023-07-23 21:14:26 	653	21.82	66.92	21.3	65.0	9	9
2023-07-23 21:15:06 	654	21.84	66.99	21.3	65.08	9	9
2023-07-23 21:15:45 	655	21.87	67.02	21.3	65.2	9	9
2023-07-23 21:16:17 	656	21.89	66.91	21.3	65.03	9	9
2023-07-23 21:16:47 	657	21.87	66.9	21.3	65.01	9	9
2023-07-23 21:17:32 	658	21.84	66.89	21.3	64.96	9	9
2023-07-23 21:18:04 	659	21.87	66.89	21.3	64.96	9	9
2023-07-23 21:18:49 	660	21.84	66.87	21.3	64.93	9	9
2023-07-23 21:19:21 	661	21.87	66.9	21.3	64.93	9	9
2023-07-23 21:19:50 	662	21.9	66.9	21.3	64.91	9	9
2023-07-23 21:20:30 	663	21.88	66.86	21.3	64.92	9	9
2023-07-23 21:21:15 	664	21.87	66.81	21.31	64.92	9	9
2023-07-23 21:21:47 	665	21.89	66.89	21.3	64.91	9	9
2023-07-23 21:22:24 	666	21.87	66.87	21.3	64.9	9	9
2023-07-23 21:22:59 	667	21.87	66.84	21.3	64.94	9	9
2023-07-23 21:23:39 	668	21.86	66.88	21.3	64.91	9	9
2023-07-23 21:24:08 	669	21.86	66.9	21.3	64.9	9	9
2023-07-23 21:24:50 	670	21.82	66.9	21.3	64.92	9	9
2023-07-23 21:25:28 	671	21.87	66.86	21.3	64.92	9	9
2023-07-23 21:26:02 	672	21.88	66.8	21.3	64.9	9	9
2023-07-23 21:26:37 	673	21.9	66.82	21.3	64.93	9	9
2023-07-23 21:27:14 	674	21.87	66.89	21.3	64.93	9	9
2023-07-23 21:27:46 	675	21.89	66.9	21.3	64.93	9	9
2023-07-23 21:28:21 	676	21.89	66.9	21.3	64.98	9	9
2023-07-23 21:29:01 	677	21.86	66.89	21.3	64.99	9	9
2023-07-23 21:29:38 	678	21.9	66.9	21.3	64.99	9	9
2023-07-23 21:30:07 	679	21.9	66.9	21.3	64.99	9	9
2023-07-23 21:30:37 	680	21.89	66.9	21.3	64.98	9	9
2023-07-23 21:31:14 	681	21.87	66.9	21.3	64.97	9	9
2023-07-23 21:31:44 	682	21.84	66.9	21.3	64.98	9	9
2023-07-23 21:32:16 	683	21.84	66.9	21.3	65.0	9	9
2023-07-23 21:32:48 	684	21.86	66.94	21.3	65.0	9	9
2023-07-23 21:33:20 	685	21.88	66.91	21.3	65.0	9	9
2023-07-23 21:33:55 	686	21.86	66.9	21.3	65.0	9	9
2023-07-23 21:34:29 	687	21.87	66.93	21.3	65.0	9	9
2023-07-23 21:35:04 	688	21.87	67.0	21.3	65.0	9	9
2023-07-23 21:35:41 	689	21.83	67.0	21.3	65.0	9	9
2023-07-23 21:36:16 	690	21.83	67.0	21.3	65.0	9	9
2023-07-23 21:36:51 	691	21.83	66.99	21.3	65.06	9	9
2023-07-23 21:37:25 	692	21.83	66.98	21.3	65.08	9	9
2023-07-23 21:38:12 	693	21.82	66.99	21.3	65.07	9	9
2023-07-23 21:38:55 	694	21.81	67.0	21.3	65.02	9	9
2023-07-23 21:39:29 	695	21.82	67.0	21.3	65.01	9	9
2023-07-23 21:40:09 	696	21.8	66.93	21.3	65.06	9	9
2023-07-23 21:40:44 	697	21.81	66.93	21.3	65.0	9	9
2023-07-23 21:41:21 	698	21.81	66.9	21.3	65.0	9	9
2023-07-23 21:42:08 	699	21.83	66.9	21.3	65.0	9	9
2023-07-23 21:42:48 	700	21.81	66.91	21.3	65.0	9	9
2023-07-23 21:43:28 	701	21.82	66.9	21.3	65.01	9	9
2023-07-23 21:44:02 	702	21.81	66.9	21.3	65.0	9	9
2023-07-23 21:44:47 	703	21.82	66.91	21.3	65.0	9	9
2023-07-23 21:45:19 	704	21.82	66.9	21.3	65.0	9	9
2023-07-23 21:45:56 	705	21.82	66.9	21.3	64.99	9	9
2023-07-23 21:46:28 	706	21.83	66.89	21.3	65.0	9	9
2023-07-23 21:47:01 	707	21.83	66.9	21.3	64.98	9	9
2023-07-23 21:47:35 	708	21.81	66.9	21.3	64.94	9	9
2023-07-23 21:48:15 	709	21.83	66.9	21.3	64.93	9	9
2023-07-23 21:48:47 	710	21.84	66.9	21.3	64.99	9	9
2023-07-23 21:49:19 	711	21.86	66.9	21.3	65.0	9	9
2023-07-23 21:49:51 	712	21.84	66.9	21.3	64.97	9	9
2023-07-23 21:50:21 	713	21.83	66.9	21.3	64.99	9	9
2023-07-23 21:51:06 	714	21.84	66.9	21.3	65.01	9	9
2023-07-23 21:51:38 	715	21.82	66.92	21.3	65.0	9	9
2023-07-23 21:52:18 	716	21.8	66.92	21.3	65.01	9	9
2023-07-23 21:52:52 	717	21.82	66.94	21.3	65.07	9	9
2023-07-23 21:53:22 	718	21.83	67.0	21.3	65.08	9	9
2023-07-23 21:53:54 	719	21.8	66.99	21.3	65.02	9	9
2023-07-23 21:54:23 	720	21.81	66.98	21.3	65.02	9	9
2023-07-23 21:55:01 	721	21.82	67.0	21.3	65.07	9	9
2023-07-23 21:55:33 	722	21.8	67.0	21.3	65.08	9	9
2023-07-23 21:56:07 	723	21.83	67.0	21.3	65.1	9	9
2023-07-23 21:56:50 	724	21.81	67.02	21.28	65.11	9	9
2023-07-23 21:57:27 	725	21.81	67.0	21.29	65.09	9	9
2023-07-23 21:57:56 	726	21.81	67.03	21.29	65.1	9	9
2023-07-23 21:58:36 	727	21.81	67.01	21.28	65.11	9	9
2023-07-23 21:59:21 	728	21.82	67.07	21.29	65.12	9	9
2023-07-23 21:59:56 	729	21.8	67.1	21.3	65.18	9	9
2023-07-23 22:00:33 	730	21.83	67.1	21.28	65.18	9	9
2023-07-23 22:01:07 	731	21.81	67.1	21.3	65.19	9	9
2023-07-23 22:01:42 	732	21.82	67.1	21.28	65.19	9	9
2023-07-23 22:02:17 	733	21.8	67.1	21.28	65.2	9	9
2023-07-23 22:02:51 	734	21.8	67.12	21.3	65.21	9	9
2023-07-23 22:03:26 	735	21.81	67.1	21.3	65.21	9	9
2023-07-23 22:04:13 	736	21.81	67.12	21.3	65.23	9	9
2023-07-23 22:04:45 	737	21.81	67.01	21.3	65.19	9	9
2023-07-23 22:05:23 	738	21.8	67.0	21.29	65.13	9	9
2023-07-23 22:05:55 	739	21.81	67.0	21.3	65.11	9	9
2023-07-23 22:06:29 	740	21.81	67.0	21.29	65.1	9	9
2023-07-23 22:07:04 	741	21.82	67.0	21.3	65.08	9	9
2023-07-23 22:07:41 	742	21.8	66.99	21.3	65.07	9	9
2023-07-23 22:08:16 	743	21.81	66.94	21.3	65.06	9	9
2023-07-23 22:09:03 	744	21.82	66.92	21.3	65.09	9	9
2023-07-23 22:09:33 	745	21.82	66.91	21.3	65.06	9	9
2023-07-23 22:10:05 	746	21.8	66.9	21.29	65.02	9	9
2023-07-23 22:10:45 	747	21.81	66.92	21.29	65.02	9	9
2023-07-23 22:11:19 	748	21.8	66.93	21.3	65.02	9	9
2023-07-23 22:11:51 	749	21.8	66.94	21.28	65.1	9	9
2023-07-23 22:12:21 	750	21.83	66.91	21.3	65.02	9	9
2023-07-23 22:12:53 	751	21.8	66.9	21.3	65.0	9	9
2023-07-23 22:13:30 	752	21.81	66.9	21.3	65.0	9	9
2023-07-23 22:14:10 	753	21.81	66.9	21.3	65.04	9	9
2023-07-23 22:14:40 	754	21.8	66.9	21.3	65.03	9	9
2023-07-23 22:15:22 	755	21.8	66.93	21.3	65.1	9	9
2023-07-23 22:15:54 	756	21.81	67.0	21.3	65.04	9	9
2023-07-23 22:16:26 	757	21.82	67.0	21.3	65.11	9	9
2023-07-23 22:17:01 	758	21.82	67.0	21.29	65.1	9	9
2023-07-23 22:17:30 	759	21.8	67.0	21.3	65.1	9	9
2023-07-23 22:18:08 	760	21.8	67.0	21.28	65.16	9	9
2023-07-23 22:18:42 	761	21.8	67.03	21.28	65.11	9	9
2023-07-23 22:19:14 	762	21.8	67.06	21.3	65.19	9	9
2023-07-23 22:19:49 	763	21.8	67.01	21.3	65.14	9	9
2023-07-23 22:20:29 	764	21.8	67.1	21.29	65.18	9	9
2023-07-23 22:21:08 	765	21.8	67.1	21.29	65.19	9	9
2023-07-23 22:21:46 	766	21.8	67.1	21.27	65.17	9	9
2023-07-23 22:22:23 	767	21.8	67.1	21.27	65.19	9	9
2023-07-23 22:23:00 	768	21.8	67.1	21.28	65.2	9	9
2023-07-23 22:23:32 	769	21.8	67.13	21.27	65.2	9	9
2023-07-23 22:24:12 	770	21.8	67.17	21.26	65.24	9	9
2023-07-23 22:24:44 	771	21.8	67.14	21.26	65.26	9	9
2023-07-23 22:25:21 	772	21.8	67.2	21.23	65.27	9	9
2023-07-23 22:25:51 	773	21.81	67.19	21.26	65.27	9	9
2023-07-23 22:26:25 	774	21.8	67.18	21.23	65.29	9	9
2023-07-23 22:27:00 	775	21.8	67.13	21.24	65.3	9	9
2023-07-23 22:27:35 	776	21.8	67.19	21.22	65.3	9	9
2023-07-23 22:28:04 	777	21.8	67.19	21.24	65.32	9	9
2023-07-23 22:28:44 	778	21.81	67.17	21.27	65.28	9	9
2023-07-23 22:29:16 	779	21.81	67.18	21.29	65.27	9	9
2023-07-23 22:29:46 	780	21.81	67.13	21.28	65.3	9	9
2023-07-23 22:30:23 	781	21.81	67.1	21.26	65.27	9	9
2023-07-23 22:30:52 	782	21.81	67.1	21.27	65.24	9	9
2023-07-23 22:31:30 	783	21.8	67.1	21.27	65.21	9	9
2023-07-23 22:32:02 	784	21.8	67.08	21.28	65.2	9	9
2023-07-23 22:32:57 	785	21.8	67.07	21.29	65.2	9	9
2023-07-23 22:33:29 	786	21.81	67.03	21.29	65.18	9	9
2023-07-23 22:34:01 	787	21.8	67.07	21.3	65.17	9	9
2023-07-23 22:34:41 	788	21.8	67.03	21.3	65.14	9	9
2023-07-23 22:35:38 	789	21.81	67.07	21.29	65.14	9	9
2023-07-23 22:36:18 	790	21.81	67.04	21.27	65.14	9	9
2023-07-23 22:36:57 	791	21.8	67.1	21.29	65.13	9	9
2023-07-23 22:37:32 	792	21.8	67.07	21.28	65.16	9	9
2023-07-23 22:38:09 	793	21.8	67.03	21.28	65.17	9	9
2023-07-23 22:38:46 	794	21.8	67.02	21.28	65.16	9	9
2023-07-23 22:39:19 	795	21.8	67.08	21.27	65.1	9	9
2023-07-23 22:39:58 	796	21.8	67.09	21.27	65.12	9	9
2023-07-23 22:40:40 	797	21.8	67.1	21.28	65.16	9	9
2023-07-23 22:41:20 	798	21.8	67.1	21.28	65.13	9	9
2023-07-23 22:41:50 	799	21.8	67.1	21.28	65.17	9	9
2023-07-23 22:42:35 	800	21.81	67.1	21.29	65.18	9	9
2023-07-23 22:43:07 	801	21.8	67.1	21.26	65.14	9	9
2023-07-23 22:43:46 	802	21.8	67.1	21.3	65.2	9	9
2023-07-23 22:44:16 	803	21.81	67.1	21.27	65.2	9	9
2023-07-23 22:44:48 	804	21.8	67.1	21.26	65.2	9	9
2023-07-23 22:45:23 	805	21.8	67.1	21.29	65.21	9	9
2023-07-23 22:45:57 	806	21.8	67.2	21.26	65.2	9	9
2023-07-23 22:46:37 	807	21.8	67.2	21.28	65.24	9	9
2023-07-23 22:47:09 	808	21.8	67.2	21.24	65.3	9	9
2023-07-23 22:47:39 	809	21.8	67.23	21.27	65.3	9	9
2023-07-23 22:48:08 	810	21.8	67.2	21.23	65.31	9	9
2023-07-23 22:48:43 	811	21.8	67.21	21.27	65.3	9	9
2023-07-23 22:49:15 	812	21.8	67.28	21.26	65.33	9	9
2023-07-23 22:49:57 	813	21.8	67.3	21.3	65.34	9	9
2023-07-23 22:50:27 	814	21.8	67.3	21.27	65.34	9	9
2023-07-23 22:51:04 	815	21.81	67.3	21.26	65.39	9	9
2023-07-23 22:51:36 	816	21.8	67.3	21.23	65.37	9	9
2023-07-23 22:52:08 	817	21.8	67.3	21.24	65.36	9	9
2023-07-23 22:52:53 	818	21.81	67.3	21.28	65.4	9	9
2023-07-23 22:53:28 	819	21.8	67.29	21.3	65.4	9	9
2023-07-23 22:53:57 	820	21.81	67.3	21.29	65.4	9	9
2023-07-23 22:54:37 	821	21.8	67.3	21.29	65.41	9	9
2023-07-23 22:55:24 	822	21.8	67.3	21.27	65.4	9	9
2023-07-23 22:55:57 	823	21.8	67.3	21.29	65.4	9	9
2023-07-23 22:56:31 	824	21.8	67.3	21.29	65.33	9	9
2023-07-23 22:57:13 	825	21.8	67.23	21.3	65.32	9	9
2023-07-23 22:57:58 	826	21.8	67.2	21.27	65.3	9	9
2023-07-23 22:58:30 	827	21.81	67.2	21.28	65.3	9	9
2023-07-23 22:59:13 	828	21.8	67.2	21.29	65.29	9	9
2023-07-23 22:59:45 	829	21.8	67.2	21.28	65.29	9	9
2023-07-23 23:00:27 	830	21.8	67.18	21.29	65.31	9	9
2023-07-23 23:00:57 	831	21.8	67.2	21.27	65.28	9	9
2023-07-23 23:01:36 	832	21.8	67.2	21.3	65.29	9	9
2023-07-23 23:02:13 	833	21.8	67.2	21.29	65.27	9	9
2023-07-23 23:02:51 	834	21.81	67.2	21.27	65.28	9	9
2023-07-23 23:03:23 	835	21.81	67.2	21.28	65.29	9	9
2023-07-23 23:03:55 	836	21.81	67.2	21.28	65.3	9	9
2023-07-23 23:04:27 	837	21.8	67.2	21.26	65.27	9	9
2023-07-23 23:05:04 	838	21.8	67.2	21.28	65.29	9	9
2023-07-23 23:05:39 	839	21.81	67.2	21.27	65.29	9	9
2023-07-23 23:06:26 	840	21.8	67.2	21.23	65.3	9	9
2023-07-23 23:07:06 	841	21.8	67.2	21.27	65.3	9	9
2023-07-23 23:07:40 	842	21.81	67.21	21.24	65.3	9	9
2023-07-23 23:08:18 	843	21.8	67.22	21.26	65.3	9	9
2023-07-23 23:08:55 	844	21.8	67.24	21.23	65.37	9	9
2023-07-23 23:09:29 	845	21.8	67.29	21.27	65.31	9	9
2023-07-23 23:10:07 	846	21.8	67.28	21.28	65.36	9	9
2023-07-23 23:10:39 	847	21.8	67.3	21.24	65.36	9	9
2023-07-23 23:11:16 	848	21.8	67.3	21.24	65.38	9	9
2023-07-23 23:11:56 	849	21.8	67.3	21.23	65.38	9	9
2023-07-23 23:12:33 	850	21.81	67.31	21.21	65.39	9	9
2023-07-23 23:13:20 	851	21.8	67.3	21.23	65.4	9	9
2023-07-23 23:14:02 	852	21.8	67.34	21.22	65.41	9	9
2023-07-23 23:14:37 	853	21.8	67.34	21.21	65.41	9	9
2023-07-23 23:15:19 	854	21.8	67.4	21.26	65.48	9	9
2023-07-23 23:15:49 	855	21.8	67.4	21.24	65.48	9	9
2023-07-23 23:16:21 	856	21.8	67.4	21.26	65.47	9	9
2023-07-23 23:16:53 	857	21.8	67.4	21.27	65.49	9	9
2023-07-23 23:17:25 	858	21.8	67.4	21.27	65.48	9	9
2023-07-23 23:17:55 	859	21.8	67.4	21.26	65.48	9	9
2023-07-23 23:18:29 	860	21.8	67.4	21.23	65.5	9	9
2023-07-23 23:19:09 	861	21.8	67.41	21.24	65.57	9	9
2023-07-23 23:19:46 	862	21.81	67.4	21.23	65.51	9	9
2023-07-23 23:20:19 	863	21.8	67.4	21.28	65.51	9	9
2023-07-23 23:20:53 	864	21.8	67.4	21.28	65.49	9	9
2023-07-23 23:21:43 	865	21.8	67.4	21.29	65.5	9	9
2023-07-23 23:22:15 	866	21.8	67.39	21.26	65.49	9	9
2023-07-23 23:22:47 	867	21.8	67.33	21.3	65.44	9	9
2023-07-23 23:23:32 	868	21.8	67.3	21.28	65.41	9	9
2023-07-23 23:24:12 	869	21.8	67.3	21.3	65.39	9	9
2023-07-23 23:24:54 	870	21.81	67.3	21.3	65.4	9	9
2023-07-23 23:25:34 	871	21.8	67.3	21.3	65.4	9	9
2023-07-23 23:26:08 	872	21.8	67.3	21.3	65.37	9	9
2023-07-23 23:26:38 	873	21.8	67.3	21.3	65.4	9	9
2023-07-23 23:27:18 	874	21.81	67.3	21.3	65.39	9	9
2023-07-23 23:27:47 	875	21.8	67.3	21.3	65.4	9	9
2023-07-23 23:28:27 	876	21.8	67.3	21.3	65.4	9	9
2023-07-23 23:29:02 	877	21.8	67.3	21.29	65.4	9	9
2023-07-23 23:29:34 	878	21.8	67.3	21.29	65.39	9	9
2023-07-23 23:30:03 	879	21.8	67.3	21.28	65.4	9	9
2023-07-23 23:30:43 	880	21.8	67.3	21.23	65.4	9	9
2023-07-23 23:31:23 	881	21.81	67.3	21.24	65.4	9	9
2023-07-23 23:32:00 	882	21.8	67.3	21.23	65.4	9	9
2023-07-23 23:32:32 	883	21.8	67.3	21.27	65.43	9	9
2023-07-23 23:33:02 	884	21.81	67.3	21.26	65.4	9	9
2023-07-23 23:33:36 	885	21.8	67.3	21.23	65.44	9	9
2023-07-23 23:34:08 	886	21.8	67.3	21.23	65.44	9	9
2023-07-23 23:34:48 	887	21.81	67.32	21.24	65.46	9	9
2023-07-23 23:35:18 	888	21.8	67.4	21.24	65.48	9	9
2023-07-23 23:35:55 	889	21.81	67.39	21.24	65.47	9	9
2023-07-23 23:36:37 	890	21.8	67.39	21.28	65.5	9	9
2023-07-23 23:37:17 	891	21.8	67.41	21.26	65.47	9	9
2023-07-23 23:37:46 	892	21.81	67.41	21.22	65.46	9	9
2023-07-23 23:38:21 	893	21.81	67.4	21.23	65.5	9	9
2023-07-23 23:38:53 	894	21.81	67.46	21.23	65.5	9	9
2023-07-23 23:39:23 	895	21.8	67.46	21.23	65.51	9	9
2023-07-23 23:39:55 	896	21.8	67.44	21.21	65.53	9	9
2023-07-23 23:40:30 	897	21.8	67.42	21.21	65.5	9	9
2023-07-23 23:41:14 	898	21.81	67.44	21.24	65.58	9	9
2023-07-23 23:41:59 	899	21.8	67.44	21.23	65.56	9	9
2023-07-23 23:42:34 	900	21.8	67.5	21.22	65.51	9	9
2023-07-23 23:43:08 	901	21.81	67.5	21.27	65.59	9	9
2023-07-23 23:43:48 	902	21.8	67.5	21.26	65.61	9	9
2023-07-23 23:44:18 	903	21.8	67.5	21.24	65.6	9	9
2023-07-23 23:44:50 	904	21.8	67.5	21.27	65.63	9	9
2023-07-23 23:45:30 	905	21.8	67.5	21.3	65.6	9	9
2023-07-23 23:46:12 	906	21.8	67.5	21.29	65.6	9	9
2023-07-23 23:46:59 	907	21.8	67.47	21.29	65.6	9	9
2023-07-23 23:47:39 	908	21.8	67.4	21.27	65.52	9	9
2023-07-23 23:48:16 	909	21.8	67.4	21.28	65.56	9	9
2023-07-23 23:48:48 	910	21.8	67.41	21.29	65.52	9	9
2023-07-23 23:49:20 	911	21.8	67.4	21.3	65.5	9	9
2023-07-23 23:49:52 	912	21.8	67.4	21.3	65.5	9	9
2023-07-23 23:50:22 	913	21.81	67.4	21.29	65.5	9	9
2023-07-23 23:51:04 	914	21.81	67.4	21.28	65.5	9	9
2023-07-23 23:51:36 	915	21.8	67.37	21.23	65.5	9	9
2023-07-23 23:52:11 	916	21.8	67.39	21.27	65.5	9	9
2023-07-23 23:52:51 	917	21.8	67.4	21.26	65.5	9	9
2023-07-23 23:53:43 	918	21.8	67.42	21.27	65.5	9	9
2023-07-23 23:54:23 	919	21.8	67.41	21.3	65.5	9	9
2023-07-23 23:54:57 	920	21.8	67.4	21.3	65.5	9	9
2023-07-23 23:55:27 	921	21.8	67.41	21.3	65.51	9	9
2023-07-23 23:56:07 	922	21.8	67.4	21.3	65.51	9	9
2023-07-23 23:56:36 	923	21.8	67.4	21.29	65.5	9	9
2023-07-23 23:57:08 	924	21.8	67.4	21.27	65.51	9	9
2023-07-23 23:57:43 	925	21.8	67.4	21.28	65.5	9	9
2023-07-23 23:58:18 	926	21.8	67.42	21.29	65.53	9	9
2023-07-23 23:58:55 	927	21.81	67.43	21.29	65.5	9	9
2023-07-23 23:59:24 	928	21.81	67.44	21.27	65.53	9	9
2023-07-23 23:59:57 	929	21.8	67.47	21.23	65.58	9	9
2023-07-24 00:00:29 	930	21.81	67.44	21.27	65.59	9	9
2023-07-24 00:00:58 	931	21.8	67.48	21.24	65.58	9	9
2023-07-24 00:01:33 	932	21.8	67.48	21.29	65.53	9	9
2023-07-24 00:02:23 	933	21.81	67.5	21.26	65.56	9	9
2023-07-24 00:03:00 	934	21.8	67.5	21.24	65.6	9	9
2023-07-24 00:03:32 	935	21.8	67.5	21.24	65.58	9	9
2023-07-24 00:04:07 	936	21.81	67.49	21.27	65.58	9	9
2023-07-24 00:04:36 	937	21.8	67.5	21.27	65.6	9	9
2023-07-24 00:05:11 	938	21.81	67.5	21.23	65.6	9	9
2023-07-24 00:05:48 	939	21.82	67.5	21.23	65.6	9	9
2023-07-24 00:06:28 	940	21.81	67.51	21.27	65.61	9	9
2023-07-24 00:06:57 	941	21.8	67.51	21.28	65.6	9	9
2023-07-24 00:07:40 	942	21.8	67.54	21.29	65.61	9	9
2023-07-24 00:08:09 	943	21.8	67.59	21.28	65.62	9	9
2023-07-24 00:08:54 	944	21.8	67.59	21.3	65.62	9	9
2023-07-24 00:09:26 	945	21.8	67.6	21.29	65.69	9	9
2023-07-24 00:10:01 	946	21.8	67.6	21.3	65.69	9	9
2023-07-24 00:10:30 	947	21.8	67.6	21.3	65.67	9	9
2023-07-24 00:11:08 	948	21.81	67.6	21.3	65.67	9	9
2023-07-24 00:11:40 	949	21.8	67.58	21.3	65.64	9	9
2023-07-24 00:12:12 	950	21.8	67.5	21.3	65.62	9	9
2023-07-24 00:12:44 	951	21.8	67.5	21.3	65.61	9	9
2023-07-24 00:13:14 	952	21.8	67.5	21.3	65.6	9	9
2023-07-24 00:13:48 	953	21.8	67.5	21.3	65.59	9	9
2023-07-24 00:14:23 	954	21.8	67.5	21.29	65.59	9	9
2023-07-24 00:15:10 	955	21.81	67.48	21.29	65.58	9	9
2023-07-24 00:15:50 	956	21.8	67.42	21.28	65.56	9	9
2023-07-24 00:16:27 	957	21.8	67.46	21.27	65.58	9	9
2023-07-24 00:16:59 	958	21.8	67.5	21.29	65.58	9	9
2023-07-24 00:17:36 	959	21.8	67.49	21.29	65.56	9	9
2023-07-24 00:18:08 	960	21.8	67.5	21.28	65.56	9	9
2023-07-24 00:18:46 	961	21.8	67.49	21.26	65.6	9	9
2023-07-24 00:19:18 	962	21.8	67.48	21.26	65.6	9	9
2023-07-24 00:19:55 	963	21.8	67.43	21.28	65.6	9	9
2023-07-24 00:20:27 	964	21.84	67.48	21.27	65.58	9	9
2023-07-24 00:21:04 	965	21.82	67.5	21.27	65.57	9	9
2023-07-24 00:21:34 	966	21.81	67.5	21.29	65.59	9	9
2023-07-24 00:22:06 	967	21.8	67.5	21.29	65.59	9	9
2023-07-24 00:22:43 	968	21.8	67.5	21.3	65.59	9	9
2023-07-24 00:23:18 	969	21.8	67.5	21.28	65.6	9	9
2023-07-24 00:23:50 	970	21.8	67.5	21.29	65.6	9	9
2023-07-24 00:24:20 	971	21.8	67.5	21.29	65.6	9	9
2023-07-24 00:24:52 	972	21.8	67.5	21.3	65.61	9	9
2023-07-24 00:25:29 	973	21.8	67.5	21.29	65.6	9	9
2023-07-24 00:26:06 	974	21.8	67.51	21.28	65.61	9	9
2023-07-24 00:26:43 	975	21.8	67.5	21.29	65.62	9	9
2023-07-24 00:27:25 	976	21.8	67.59	21.29	65.6	9	9
2023-07-24 00:27:58 	977	21.8	67.58	21.28	65.63	9	9
2023-07-24 00:28:32 	978	21.8	67.54	21.3	65.6	9	9
2023-07-24 00:29:07 	979	21.8	67.57	21.24	65.63	9	9
2023-07-24 00:29:47 	980	21.8	67.6	21.2	65.7	9	9
2023-07-24 00:30:16 	981	21.8	67.6	21.2	65.69	9	9
2023-07-24 00:30:56 	982	21.8	67.6	21.22	65.7	9	9
2023-07-24 00:31:25 	983	21.8	67.6	21.27	65.7	9	9
2023-07-24 00:32:03 	984	21.8	67.62	21.22	65.7	9	9
2023-07-24 00:32:40 	985	21.81	67.69	21.26	65.71	9	9
2023-07-24 00:33:14 	986	21.8	67.68	21.21	65.74	9	9
2023-07-24 00:33:52 	987	21.8	67.7	21.24	65.79	9	9
2023-07-24 00:34:26 	988	21.8	67.7	21.23	65.81	9	9
2023-07-24 00:35:09 	989	21.8	67.73	21.27	65.8	9	9
2023-07-24 00:35:53 	990	21.8	67.7	21.28	65.81	9	9
2023-07-24 00:36:25 	991	21.8	67.66	21.24	65.8	9	9
2023-07-24 00:36:58 	992	21.8	67.6	21.26	65.79	9	9
2023-07-24 00:37:37 	993	21.8	67.6	21.23	65.7	9	9
2023-07-24 00:38:09 	994	21.8	67.6	21.26	65.7	9	9
2023-07-24 00:38:49 	995	21.8	67.6	21.3	65.7	9	9
2023-07-24 00:39:39 	996	21.81	67.58	21.22	65.72	9	9
2023-07-24 00:40:14 	997	21.8	67.6	21.26	65.69	9	9
2023-07-24 00:40:51 	998	21.8	67.59	21.27	65.7	9	9
2023-07-24 00:41:30 	999	21.8	67.58	21.26	65.7	9	9
2023-07-24 00:42:05 	1000	21.82	67.57	21.28	65.69	9	9
2023-07-24 00:42:42 	1001	21.8	67.59	21.3	65.7	9	9
2023-07-24 00:43:12 	1002	21.81	67.6	21.28	65.71	9	9
2023-07-24 00:43:47 	1003	21.81	67.6	21.24	65.69	9	9
2023-07-24 00:44:31 	1004	21.8	67.6	21.29	65.69	9	9
2023-07-24 00:45:01 	1005	21.8	67.6	21.27	65.7	9	9
2023-07-24 00:45:31 	1006	21.8	67.6	21.3	65.69	9	9
2023-07-24 00:46:05 	1007	21.8	67.6	21.3	65.7	9	9
2023-07-24 00:46:40 	1008	21.82	67.6	21.28	65.7	9	9
2023-07-24 00:47:14 	1009	21.8	67.6	21.3	65.7	9	9
2023-07-24 00:47:49 	1010	21.8	67.6	21.29	65.7	9	9
2023-07-24 00:48:19 	1011	21.8	67.61	21.28	65.7	9	9
2023-07-24 00:49:01 	1012	21.82	67.62	21.28	65.72	9	9
2023-07-24 00:49:33 	1013	21.8	67.61	21.26	65.73	9	9
2023-07-24 00:50:08 	1014	21.8	67.66	21.28	65.73	9	9
2023-07-24 00:50:47 	1015	21.81	67.64	21.26	65.78	9	9
2023-07-24 00:51:20 	1016	21.8	67.6	21.21	65.74	9	9
2023-07-24 00:51:54 	1017	21.8	67.6	21.22	65.72	9	9
2023-07-24 00:52:29 	1018	21.8	67.6	21.2	65.72	9	9
2023-07-24 00:53:01 	1019	21.8	67.6	21.22	65.74	9	9
2023-07-24 00:53:31 	1020	21.8	67.6	21.21	65.8	9	9
2023-07-24 00:54:10 	1021	21.8	67.62	21.23	65.78	9	9
2023-07-24 00:54:58 	1022	21.8	67.67	21.21	65.76	9	9
2023-07-24 00:55:30 	1023	21.8	67.63	21.2	65.78	9	9
2023-07-24 00:56:07 	1024	21.8	67.69	21.2	65.78	9	9
2023-07-24 00:56:36 	1025	21.8	67.7	21.21	65.74	9	9
2023-07-24 00:57:06 	1026	21.8	67.71	21.22	65.8	9	9
2023-07-24 00:57:46 	1027	21.8	67.76	21.23	65.8	9	9
2023-07-24 00:58:28 	1028	21.8	67.82	21.27	65.87	9	9
2023-07-24 00:59:03 	1029	21.8	67.82	21.24	65.86	9	9
2023-07-24 00:59:40 	1030	21.8	67.8	21.27	65.94	9	9
2023-07-24 01:00:20 	1031	21.8	67.8	21.3	65.94	9	9
2023-07-24 01:00:54 	1032	21.8	67.8	21.24	65.9	9	9
2023-07-24 01:01:24 	1033	21.8	67.78	21.29	65.88	9	9
2023-07-24 01:01:58 	1034	21.8	67.7	21.29	65.86	9	9
2023-07-24 01:02:31 	1035	21.8	67.7	21.29	65.83	9	9
2023-07-24 01:03:03 	1036	21.8	67.7	21.28	65.82	9	9
2023-07-24 01:03:45 	1037	21.8	67.7	21.28	65.81	9	9
2023-07-24 01:04:20 	1038	21.8	67.7	21.28	65.79	9	9
2023-07-24 01:04:52 	1039	21.8	67.7	21.26	65.79	9	9
2023-07-24 01:05:24 	1040	21.8	67.69	21.24	65.78	9	9
2023-07-24 01:05:56 	1041	21.8	67.7	21.29	65.77	9	9
2023-07-24 01:06:33 	1042	21.8	67.64	21.28	65.8	9	9
2023-07-24 01:07:15 	1043	21.8	67.64	21.28	65.76	9	9
2023-07-24 01:07:45 	1044	21.8	67.7	21.23	65.76	9	9
2023-07-24 01:08:17 	1045	21.8	67.66	21.29	65.74	9	9
2023-07-24 01:08:52 	1046	21.81	67.68	21.3	65.78	9	9
2023-07-24 01:09:26 	1047	21.8	67.66	21.28	65.78	9	9
2023-07-24 01:10:03 	1048	21.8	67.7	21.28	65.8	9	9
2023-07-24 01:10:38 	1049	21.8	67.7	21.26	65.78	9	9
2023-07-24 01:11:08 	1050	21.8	67.7	21.23	65.8	9	9
2023-07-24 01:11:40 	1051	21.8	67.7	21.26	65.8	9	9
2023-07-24 01:12:20 	1052	21.81	67.7	21.23	65.81	9	9
2023-07-24 01:12:54 	1053	21.8	67.7	21.24	65.82	9	9
2023-07-24 01:13:39 	1054	21.8	67.76	21.24	65.8	9	9
2023-07-24 01:14:29 	1055	21.8	67.7	21.23	65.81	9	9
2023-07-24 01:15:06 	1056	21.8	67.7	21.2	65.88	9	9
2023-07-24 01:15:41 	1057	21.8	67.7	21.22	65.82	9	9
2023-07-24 01:16:18 	1058	21.8	67.7	21.2	65.84	9	9
2023-07-24 01:16:55 	1059	21.8	67.71	21.2	65.83	9	9
2023-07-24 01:17:25 	1060	21.8	67.72	21.2	65.84	9	9
2023-07-24 01:17:57 	1061	21.8	67.76	21.2	65.84	9	9
2023-07-24 01:18:31 	1062	21.8	67.72	21.2	65.83	9	9
2023-07-24 01:19:06 	1063	21.8	67.72	21.2	65.86	9	9
2023-07-24 01:19:46 	1064	21.8	67.7	21.2	65.88	9	9
2023-07-24 01:20:20 	1065	21.8	67.8	21.2	65.84	9	9
2023-07-24 01:20:53 	1066	21.8	67.8	21.21	65.88	9	9
2023-07-24 01:21:22 	1067	21.8	67.8	21.2	65.91	9	9
2023-07-24 01:21:59 	1068	21.8	67.89	21.22	65.91	9	9
2023-07-24 01:22:44 	1069	21.8	67.9	21.21	65.93	9	9
2023-07-24 01:23:19 	1070	21.8	67.9	21.21	66.0	9	9
2023-07-24 01:24:19 	1071	21.8	67.96	21.21	66.04	9	9
2023-07-24 01:24:53 	1072	21.8	67.94	21.22	66.0	9	9
2023-07-24 01:25:23 	1073	21.8	67.9	21.24	66.02	9	9
2023-07-24 01:25:52 	1074	21.8	67.9	21.23	66.0	9	9
2023-07-24 01:26:25 	1075	21.8	67.86	21.2	66.0	9	9
2023-07-24 01:26:59 	1076	21.8	67.8	21.22	65.98	9	9
2023-07-24 01:27:31 	1077	21.8	67.8	21.23	65.98	9	9
2023-07-24 01:28:01 	1078	21.8	67.8	21.26	65.94	9	9
2023-07-24 01:28:43 	1079	21.8	67.8	21.27	65.92	9	9
2023-07-24 01:29:23 	1080	21.8	67.8	21.26	65.9	9	9
2023-07-24 01:30:05 	1081	21.8	67.8	21.27	65.88	9	9
2023-07-24 01:30:40 	1082	21.8	67.8	21.26	65.9	9	9
2023-07-24 01:31:09 	1083	21.8	67.76	21.28	65.87	9	9
2023-07-24 01:31:49 	1084	21.8	67.73	21.26	65.87	9	9
2023-07-24 01:32:24 	1085	21.8	67.71	21.22	65.87	9	9
2023-07-24 01:32:53 	1086	21.8	67.71	21.23	65.89	9	9
2023-07-24 01:33:23 	1087	21.8	67.7	21.24	65.88	9	9
2023-07-24 01:33:53 	1088	21.8	67.72	21.28	65.9	9	9
2023-07-24 01:34:27 	1089	21.8	67.74	21.26	65.9	9	9
2023-07-24 01:35:09 	1090	21.8	67.8	21.26	65.89	9	9
2023-07-24 01:35:47 	1091	21.8	67.82	21.23	65.89	9	9
2023-07-24 01:36:19 	1092	21.8	67.84	21.23	65.9	9	9
2023-07-24 01:36:56 	1093	21.81	67.8	21.24	65.9	9	9
2023-07-24 01:37:31 	1094	21.8	67.81	21.2	65.91	9	9
2023-07-24 01:38:05 	1095	21.81	67.8	21.23	65.91	9	9
2023-07-24 01:38:35 	1096	21.8	67.8	21.2	65.96	9	9
2023-07-24 01:39:04 	1097	21.8	67.8	21.22	65.9	9	9
2023-07-24 01:39:42 	1098	21.81	67.8	21.2	65.92	9	9
2023-07-24 01:40:29 	1099	21.8	67.8	21.21	65.93	9	9
2023-07-24 01:41:09 	1100	21.8	67.8	21.2	65.93	9	9
2023-07-24 01:41:43 	1101	21.8	67.8	21.21	65.99	9	9
2023-07-24 01:42:15 	1102	21.8	67.81	21.2	65.92	9	9
2023-07-24 01:42:45 	1103	21.81	67.8	21.2	65.94	9	9
2023-07-24 01:43:22 	1104	21.8	67.8	21.2	66.0	9	9
2023-07-24 01:43:57 	1105	21.8	67.81	21.24	65.99	9	9
2023-07-24 01:44:31 	1106	21.8	67.8	21.22	66.0	9	9
2023-07-24 01:45:11 	1107	21.8	67.82	21.2	66.02	9	9
2023-07-24 01:45:53 	1108	21.8	67.9	21.21	66.01	9	9
2023-07-24 01:46:28 	1109	21.8	67.99	21.2	66.07	9	9
2023-07-24 01:47:00 	1110	21.8	68.0	21.2	66.02	9	9
2023-07-24 01:47:37 	1111	21.8	68.0	21.2	66.06	9	9
2023-07-24 01:48:07 	1112	21.8	68.0	21.21	66.1	9	9
2023-07-24 01:48:42 	1113	21.8	68.0	21.21	66.1	9	9
2023-07-24 01:49:14 	1114	21.8	68.0	21.24	66.1	9	9
2023-07-24 01:49:43 	1115	21.81	68.0	21.24	66.12	9	9
2023-07-24 01:50:15 	1116	21.8	68.0	21.24	66.1	9	9
2023-07-24 01:50:53 	1117	21.8	68.0	21.23	66.1	9	9
2023-07-24 01:51:22 	1118	21.8	68.0	21.26	66.1	9	9
2023-07-24 01:51:54 	1119	21.8	67.93	21.24	66.09	9	9
2023-07-24 01:52:24 	1120	21.8	67.9	21.27	66.04	9	9
2023-07-24 01:53:06 	1121	21.8	67.92	21.24	66.02	9	9
2023-07-24 01:53:41 	1122	21.8	67.91	21.28	66.0	9	9
2023-07-24 01:54:15 	1123	21.8	67.9	21.22	66.04	9	9
2023-07-24 01:54:50 	1124	21.8	67.9	21.24	66.04	9	9
2023-07-24 01:55:27 	1125	21.8	67.9	21.28	66.0	9	9
2023-07-24 01:56:07 	1126	21.8	67.89	21.23	65.99	9	9
2023-07-24 01:56:37 	1127	21.81	67.86	21.24	65.99	9	9
2023-07-24 01:57:11 	1128	21.8	67.81	21.27	65.99	9	9
2023-07-24 01:57:46 	1129	21.8	67.84	21.27	65.94	9	9
2023-07-24 01:58:15 	1130	21.8	67.81	21.26	65.99	9	9
2023-07-24 01:58:50 	1131	21.8	67.82	21.27	65.99	9	9
2023-07-24 01:59:25 	1132	21.8	67.8	21.27	65.98	9	9
2023-07-24 02:00:02 	1133	21.8	67.81	21.24	65.98	9	9
2023-07-24 02:00:34 	1134	21.8	67.87	21.26	66.0	9	9
2023-07-24 02:01:06 	1135	21.8	67.9	21.24	66.0	9	9
2023-07-24 02:01:46 	1136	21.8	67.9	21.23	66.01	9	9
2023-07-24 02:02:23 	1137	21.8	67.9	21.2	66.01	9	9
2023-07-24 02:02:53 	1138	21.8	67.9	21.21	66.03	9	9
2023-07-24 02:03:32 	1139	21.8	67.89	21.2	66.01	9	9
2023-07-24 02:04:10 	1140	21.8	67.9	21.2	66.01	9	9
2023-07-24 02:04:39 	1141	21.8	67.87	21.24	66.04	9	9
2023-07-24 02:05:11 	1142	21.8	67.89	21.22	66.01	9	9
2023-07-24 02:05:48 	1143	21.8	67.88	21.2	66.08	9	9
2023-07-24 02:06:18 	1144	21.8	67.84	21.2	66.03	9	9
2023-07-24 02:06:50 	1145	21.8	67.8	21.2	66.04	9	9
2023-07-24 02:07:22 	1146	21.8	67.8	21.2	66.06	9	9
2023-07-24 02:07:54 	1147	21.8	67.8	21.21	66.08	9	9
2023-07-24 02:08:29 	1148	21.8	67.8	21.21	66.06	9	9
2023-07-24 02:09:04 	1149	21.8	67.81	21.2	66.07	9	9
2023-07-24 02:09:33 	1150	21.8	67.81	21.21	66.1	9	9
2023-07-24 02:10:08 	1151	21.8	67.8	21.21	66.09	9	9
2023-07-24 02:10:38 	1152	21.8	67.87	21.21	66.1	9	9
2023-07-24 02:11:15 	1153	21.8	67.93	21.21	66.1	9	9
2023-07-24 02:11:47 	1154	21.8	68.0	21.21	66.1	9	9
2023-07-24 02:12:16 	1155	21.8	68.0	21.21	66.12	9	9
2023-07-24 02:12:46 	1156	21.8	68.0	21.2	66.11	9	9
2023-07-24 02:13:28 	1157	21.8	68.01	21.21	66.13	9	9
2023-07-24 02:14:03 	1158	21.8	68.09	21.2	66.12	9	9
2023-07-24 02:14:33 	1159	21.8	68.09	21.2	66.18	9	9
2023-07-24 02:15:07 	1160	21.8	68.09	21.21	66.13	9	9
2023-07-24 02:15:47 	1161	21.8	68.09	21.22	66.19	9	9
2023-07-24 02:16:22 	1162	21.8	68.02	21.2	66.2	9	9
2023-07-24 02:16:51 	1163	21.8	68.0	21.22	66.14	9	9
2023-07-24 02:17:21 	1164	21.8	68.0	21.22	66.13	9	9
2023-07-24 02:17:58 	1165	21.8	67.96	21.22	66.1	9	9
2023-07-24 02:18:35 	1166	21.81	67.91	21.23	66.1	9	9
2023-07-24 02:19:20 	1167	21.8	67.9	21.23	66.1	9	9
2023-07-24 02:19:52 	1168	21.8	67.9	21.27	66.11	9	9
2023-07-24 02:20:27 	1169	21.8	67.9	21.21	66.1	9	9
2023-07-24 02:20:56 	1170	21.8	67.89	21.21	66.1	9	9
2023-07-24 02:21:31 	1171	21.8	67.9	21.24	66.01	9	9
2023-07-24 02:22:11 	1172	21.8	67.9	21.24	66.07	9	9
2023-07-24 02:22:53 	1173	21.8	67.9	21.27	66.08	9	9
2023-07-24 02:23:30 	1174	21.8	67.9	21.2	66.1	9	9
2023-07-24 02:24:07 	1175	21.8	67.9	21.24	66.09	9	9
2023-07-24 02:24:42 	1176	21.8	67.9	21.21	66.1	9	9
2023-07-24 02:25:16 	1177	21.8	67.9	21.22	66.08	9	9
2023-07-24 02:25:59 	1178	21.8	67.91	21.2	66.1	9	9
2023-07-24 02:26:38 	1179	21.8	68.0	21.21	66.08	9	9
2023-07-24 02:27:13 	1180	21.8	67.99	21.2	66.08	9	9
2023-07-24 02:27:45 	1181	21.8	67.9	21.2	66.06	9	9
2023-07-24 02:28:15 	1182	21.8	67.9	21.2	66.08	9	9
2023-07-24 02:28:57 	1183	21.8	67.9	21.24	66.06	9	9
2023-07-24 02:29:29 	1184	21.8	67.9	21.2	66.09	9	9
2023-07-24 02:30:06 	1185	21.8	67.9	21.2	66.09	9	9
2023-07-24 02:30:56 	1186	21.8	67.84	21.21	66.1	9	9
2023-07-24 02:31:31 	1187	21.8	67.83	21.2	66.12	9	9
2023-07-24 02:32:00 	1188	21.8	67.82	21.2	66.12	9	9
2023-07-24 02:32:35 	1189	21.8	67.8	21.21	66.12	9	9
2023-07-24 02:33:15 	1190	21.8	67.8	21.2	66.11	9	9
2023-07-24 02:33:52 	1191	21.8	67.81	21.2	66.11	9	9
2023-07-24 02:34:27 	1192	21.8	67.84	21.2	66.16	9	9
2023-07-24 02:35:09 	1193	21.8	67.9	21.2	66.13	9	9
2023-07-24 02:35:46 	1194	21.8	67.97	21.2	66.19	9	9
2023-07-24 02:36:18 	1195	21.8	68.0	21.2	66.19	9	9
2023-07-24 02:36:48 	1196	21.8	68.01	21.2	66.2	9	9
2023-07-24 02:37:22 	1197	21.8	68.06	21.2	66.2	9	9
2023-07-24 02:37:57 	1198	21.8	68.06	21.2	66.2	9	9
2023-07-24 02:38:34 	1199	21.8	68.09	21.2	66.2	9	9
2023-07-24 02:39:06 	1200	21.8	68.1	21.2	66.2	9	9
2023-07-24 02:39:43 	1201	21.8	68.1	21.2	66.2	9	9
2023-07-24 02:40:16 	1202	21.8	68.1	21.2	66.21	9	9
2023-07-24 02:40:45 	1203	21.8	68.1	21.21	66.2	9	9
2023-07-24 02:41:22 	1204	21.8	68.1	21.22	66.2	9	9
2023-07-24 02:41:57 	1205	21.8	68.04	21.2	66.2	9	9
2023-07-24 02:42:34 	1206	21.8	68.01	21.2	66.2	9	9
2023-07-24 02:43:04 	1207	21.8	68.0	21.21	66.18	9	9
2023-07-24 02:43:36 	1208	21.8	68.0	21.2	66.18	9	9
2023-07-24 02:44:06 	1209	21.8	68.0	21.2	66.16	9	9
2023-07-24 02:44:45 	1210	21.8	68.0	21.22	66.16	9	9
2023-07-24 02:45:20 	1211	21.8	67.99	21.23	66.13	9	9
2023-07-24 02:45:52 	1212	21.8	68.0	21.21	66.12	9	9
2023-07-24 02:46:27 	1213	21.8	68.0	21.2	66.1	9	9
2023-07-24 02:46:59 	1214	21.8	68.0	21.22	66.1	9	9
2023-07-24 02:47:33 	1215	21.8	68.0	21.21	66.11	9	9
2023-07-24 02:48:16 	1216	21.8	68.0	21.2	66.16	9	9
2023-07-24 02:48:50 	1217	21.8	68.0	21.2	66.11	9	9
2023-07-24 02:49:25 	1218	21.8	68.0	21.2	66.13	9	9
2023-07-24 02:49:57 	1219	21.81	68.0	21.2	66.11	9	9
2023-07-24 02:50:34 	1220	21.8	68.0	21.2	66.13	9	9
2023-07-24 02:51:09 	1221	21.8	68.0	21.2	66.11	9	9
2023-07-24 02:51:41 	1222	21.8	68.0	21.2	66.12	9	9
2023-07-24 02:52:26 	1223	21.8	68.0	21.2	66.16	9	9
2023-07-24 02:53:13 	1224	21.8	68.0	21.2	66.18	9	9
2023-07-24 02:53:43 	1225	21.8	68.01	21.2	66.14	9	9
2023-07-24 02:54:12 	1226	21.8	68.0	21.2	66.17	9	9
2023-07-24 02:54:52 	1227	21.8	67.98	21.2	66.13	9	9
2023-07-24 02:55:27 	1228	21.8	67.92	21.2	66.18	9	9
2023-07-24 02:56:09 	1229	21.8	67.9	21.2	66.16	9	9
2023-07-24 02:56:46 	1230	21.8	67.92	21.2	66.14	9	9
2023-07-24 02:57:16 	1231	21.8	67.9	21.2	66.14	9	9
2023-07-24 02:57:55 	1232	21.8	67.9	21.2	66.17	9	9
2023-07-24 02:58:27 	1233	21.8	67.9	21.2	66.19	9	9
2023-07-24 02:59:07 	1234	21.8	67.91	21.2	66.18	9	9
2023-07-24 02:59:37 	1235	21.8	67.96	21.2	66.2	9	9
2023-07-24 03:00:09 	1236	21.8	68.0	21.2	66.19	9	9
2023-07-24 03:00:49 	1237	21.8	68.1	21.2	66.2	9	9
2023-07-24 03:01:21 	1238	21.8	68.1	21.2	66.2	9	9
2023-07-24 03:01:58 	1239	21.8	68.1	21.2	66.21	9	9
2023-07-24 03:02:40 	1240	21.8	68.1	21.2	66.22	9	9
2023-07-24 03:03:15 	1241	21.8	68.12	21.2	66.23	9	9
2023-07-24 03:03:52 	1242	21.8	68.14	21.2	66.22	9	9
2023-07-24 03:04:27 	1243	21.8	68.17	21.2	66.22	9	9
2023-07-24 03:05:04 	1244	21.8	68.18	21.2	66.23	9	9
2023-07-24 03:05:44 	1245	21.8	68.19	21.2	66.23	9	9
2023-07-24 03:06:16 	1246	21.8	68.12	21.21	66.22	9	9
2023-07-24 03:07:00 	1247	21.8	68.1	21.22	66.2	9	9
2023-07-24 03:07:33 	1248	21.8	68.1	21.21	66.21	9	9
2023-07-24 03:08:05 	1249	21.8	68.1	21.21	66.2	9	9
2023-07-24 03:08:37 	1250	21.8	68.09	21.21	66.18	9	9
2023-07-24 03:09:06 	1251	21.8	68.01	21.23	66.16	9	9
2023-07-24 03:09:36 	1252	21.8	68.02	21.2	66.14	9	9
2023-07-24 03:10:11 	1253	21.8	68.03	21.27	66.19	9	9
2023-07-24 03:10:48 	1254	21.81	68.04	21.21	66.16	9	9
2023-07-24 03:11:33 	1255	21.8	68.1	21.21	66.19	9	9
2023-07-24 03:12:05 	1256	21.8	68.1	21.2	66.2	9	9
2023-07-24 03:12:34 	1257	21.8	68.1	21.21	66.2	9	9
2023-07-24 03:13:04 	1258	21.8	68.09	21.2	66.2	9	9
2023-07-24 03:13:38 	1259	21.8	68.1	21.2	66.18	9	9
2023-07-24 03:14:18 	1260	21.8	68.1	21.21	66.2	9	9
2023-07-24 03:15:00 	1261	21.8	68.07	21.21	66.17	9	9
2023-07-24 03:15:30 	1262	21.8	68.1	21.2	66.18	9	9
2023-07-24 03:16:02 	1263	21.8	68.1	21.2	66.19	9	9
2023-07-24 03:16:37 	1264	21.8	68.01	21.2	66.18	9	9
2023-07-24 03:17:27 	1265	21.8	68.06	21.2	66.2	9	9
2023-07-24 03:17:56 	1266	21.8	68.01	21.2	66.18	9	9
2023-07-24 03:18:26 	1267	21.8	68.0	21.2	66.2	9	9
2023-07-24 03:19:00 	1268	21.8	68.0	21.2	66.19	9	9
2023-07-24 03:19:43 	1269	21.8	68.0	21.19	66.2	9	9
2023-07-24 03:20:12 	1270	21.8	68.0	21.2	66.2	9	9
2023-07-24 03:20:42 	1271	21.8	68.0	21.2	66.2	9	9
2023-07-24 03:21:19 	1272	21.8	68.0	21.2	66.19	9	9
2023-07-24 03:21:49 	1273	21.8	68.0	21.2	66.2	9	9
2023-07-24 03:22:21 	1274	21.8	68.0	21.2	66.19	9	9
2023-07-24 03:22:55 	1275	21.8	67.99	21.2	66.18	9	9
2023-07-24 03:23:30 	1276	21.8	67.99	21.2	66.2	9	9
2023-07-24 03:24:02 	1277	21.8	68.0	21.19	66.2	9	9
2023-07-24 03:24:34 	1278	21.8	68.0	21.2	66.22	9	9
2023-07-24 03:25:06 	1279	21.8	68.0	21.2	66.24	9	9
2023-07-24 03:25:46 	1280	21.8	68.1	21.2	66.21	9	9
2023-07-24 03:26:16 	1281	21.8	68.11	21.2	66.23	9	9
2023-07-24 03:26:55 	1282	21.8	68.16	21.2	66.28	9	9
2023-07-24 03:27:28 	1283	21.8	68.2	21.2	66.21	9	9
2023-07-24 03:28:00 	1284	21.8	68.19	21.2	66.22	9	9
2023-07-24 03:28:34 	1285	21.8	68.19	21.2	66.26	9	9
2023-07-24 03:29:17 	1286	21.8	68.2	21.2	66.31	9	9
2023-07-24 03:29:56 	1287	21.8	68.2	21.2	66.3	9	9
2023-07-24 03:30:28 	1288	21.8	68.22	21.2	66.34	9	9
2023-07-24 03:30:58 	1289	21.8	68.2	21.2	66.31	9	9
2023-07-24 03:31:30 	1290	21.8	68.14	21.21	66.29	9	9
2023-07-24 03:32:07 	1291	21.8	68.14	21.22	66.21	9	9
2023-07-24 03:32:39 	1292	21.8	68.11	21.21	66.21	9	9
2023-07-24 03:33:29 	1293	21.8	68.1	21.2	66.21	9	9
2023-07-24 03:33:59 	1294	21.8	68.1	21.21	66.21	9	9
2023-07-24 03:34:41 	1295	21.8	68.1	21.21	66.22	9	9
2023-07-24 03:35:18 	1296	21.8	68.11	21.2	66.2	9	9
2023-07-24 03:35:53 	1297	21.8	68.1	21.2	66.2	9	9
2023-07-24 03:36:25 	1298	21.8	68.1	21.21	66.2	9	9
2023-07-24 03:36:57 	1299	21.8	68.09	21.21	66.2	9	9
2023-07-24 03:37:34 	1300	21.8	68.1	21.2	66.2	9	9
2023-07-24 03:38:06 	1301	21.8	68.1	21.2	66.2	9	9
2023-07-24 03:38:49 	1302	21.8	68.1	21.2	66.2	9	9
2023-07-24 03:39:23 	1303	21.8	68.04	21.2	66.21	9	9
2023-07-24 03:40:01 	1304	21.8	68.09	21.2	66.2	9	9
2023-07-24 03:40:33 	1305	21.8	68.03	21.2	66.2	9	9
2023-07-24 03:41:07 	1306	21.8	68.0	21.2	66.21	9	9
2023-07-24 03:41:39 	1307	21.8	68.02	21.2	66.2	9	9
2023-07-24 03:42:17 	1308	21.8	68.06	21.2	66.2	9	9
2023-07-24 03:42:46 	1309	21.8	68.0	21.2	66.2	9	9
2023-07-24 03:43:16 	1310	21.8	68.0	21.2	66.2	9	9
2023-07-24 03:43:48 	1311	21.8	68.0	21.2	66.2	9	9
2023-07-24 03:44:28 	1312	21.8	68.0	21.2	66.2	9	9
2023-07-24 03:45:02 	1313	21.8	68.0	21.19	66.2	9	9
2023-07-24 03:45:37 	1314	21.8	67.98	21.2	66.2	9	9
2023-07-24 03:46:22 	1315	21.8	67.93	21.19	66.21	9	9
2023-07-24 03:46:54 	1316	21.8	68.0	21.2	66.2	9	9
2023-07-24 03:47:31 	1317	21.8	67.96	21.2	66.21	9	9
2023-07-24 03:48:08 	1318	21.8	67.97	21.2	66.22	9	9
2023-07-24 03:48:45 	1319	21.8	68.0	21.19	66.2	9	9
2023-07-24 03:49:23 	1320	21.8	68.0	21.16	66.24	9	9
2023-07-24 03:50:00 	1321	21.8	68.09	21.19	66.27	9	9
2023-07-24 03:50:39 	1322	21.8	68.18	21.2	66.29	9	9
2023-07-24 03:51:14 	1323	21.8	68.2	21.2	66.3	9	9
2023-07-24 03:51:49 	1324	21.8	68.2	21.19	66.33	9	9
2023-07-24 03:52:21 	1325	21.8	68.2	21.2	66.32	9	9
2023-07-24 03:52:58 	1326	21.8	68.19	21.2	66.32	9	9
2023-07-24 03:53:30 	1327	21.8	68.24	21.2	66.32	9	9
2023-07-24 03:54:00 	1328	21.8	68.23	21.2	66.3	9	9
2023-07-24 03:54:34 	1329	21.8	68.2	21.2	66.31	9	9
2023-07-24 03:55:07 	1330	21.8	68.2	21.2	66.37	9	9
2023-07-24 03:55:36 	1331	21.8	68.2	21.2	66.3	9	9
2023-07-24 03:56:08 	1332	21.8	68.2	21.21	66.32	9	9
2023-07-24 03:56:38 	1333	21.8	68.19	21.21	66.32	9	9
2023-07-24 03:57:12 	1334	21.8	68.2	21.2	66.31	9	9
2023-07-24 03:57:42 	1335	21.8	68.18	21.19	66.27	9	9
2023-07-24 03:58:17 	1336	21.8	68.12	21.21	66.22	9	9
2023-07-24 03:58:49 	1337	21.8	68.11	21.2	66.21	9	9
2023-07-24 03:59:21 	1338	21.8	68.11	21.2	66.22	9	9
2023-07-24 04:00:01 	1339	21.8	68.19	21.2	66.27	9	9
2023-07-24 04:00:35 	1340	21.8	68.19	21.2	66.28	9	9
2023-07-24 04:01:15 	1341	21.8	68.18	21.2	66.28	9	9
2023-07-24 04:01:55 	1342	21.8	68.21	21.2	66.24	9	9
2023-07-24 04:02:27 	1343	21.8	68.2	21.2	66.24	9	9
2023-07-24 04:03:14 	1344	21.8	68.2	21.2	66.24	9	9
2023-07-24 04:03:56 	1345	21.8	68.2	21.2	66.23	9	9
2023-07-24 04:04:36 	1346	21.8	68.2	21.2	66.24	9	9
2023-07-24 04:05:11 	1347	21.8	68.2	21.2	66.24	9	9
2023-07-24 04:05:48 	1348	21.8	68.2	21.2	66.27	9	9
2023-07-24 04:06:20 	1349	21.8	68.2	21.2	66.21	9	9
2023-07-24 04:07:00 	1350	21.8	68.2	21.2	66.28	9	9
2023-07-24 04:07:32 	1351	21.8	68.12	21.2	66.28	9	9
2023-07-24 04:08:17 	1352	21.8	68.1	21.19	66.26	9	9
2023-07-24 04:09:01 	1353	21.8	68.1	21.2	66.23	9	9
2023-07-24 04:09:39 	1354	21.8	68.1	21.2	66.28	9	9
2023-07-24 04:10:13 	1355	21.8	68.1	21.2	66.26	9	9
2023-07-24 04:10:43 	1356	21.8	68.1	21.2	66.3	9	9
2023-07-24 04:11:18 	1357	21.8	68.07	21.19	66.3	9	9
2023-07-24 04:11:50 	1358	21.8	68.1	21.2	66.31	9	9
2023-07-24 04:12:19 	1359	21.8	68.08	21.2	66.29	9	9
2023-07-24 04:12:54 	1360	21.8	68.01	21.14	66.33	9	9
2023-07-24 04:13:29 	1361	21.8	68.04	21.14	66.36	9	9
2023-07-24 04:14:08 	1362	21.8	68.1	21.16	66.37	9	9
2023-07-24 04:14:40 	1363	21.8	68.03	21.2	66.39	9	9
2023-07-24 04:15:12 	1364	21.8	68.1	21.2	66.38	9	9
2023-07-24 04:15:45 	1365	21.8	68.1	21.17	66.33	9	9
2023-07-24 04:16:19 	1366	21.8	68.13	21.19	66.4	9	9
2023-07-24 04:17:07 	1367	21.8	68.19	21.2	66.38	9	9
2023-07-24 04:17:41 	1368	21.8	68.29	21.2	66.37	9	9
2023-07-24 04:18:18 	1369	21.8	68.3	21.2	66.4	9	9
2023-07-24 04:18:51 	1370	21.8	68.3	21.2	66.4	9	9
2023-07-24 04:19:30 	1371	21.8	68.3	21.2	66.4	9	9
2023-07-24 04:20:07 	1372	21.8	68.27	21.2	66.4	9	9
2023-07-24 04:20:42 	1373	21.8	68.22	21.2	66.39	9	9
2023-07-24 04:21:19 	1374	21.8	68.2	21.2	66.4	9	9
2023-07-24 04:21:59 	1375	21.8	68.29	21.2	66.4	9	9
2023-07-24 04:22:31 	1376	21.8	68.3	21.2	66.38	9	9
2023-07-24 04:23:06 	1377	21.8	68.2	21.2	66.38	9	9
2023-07-24 04:23:48 	1378	21.8	68.2	21.2	66.34	9	9
2023-07-24 04:24:28 	1379	21.8	68.23	21.2	66.38	9	9
2023-07-24 04:25:10 	1380	21.8	68.22	21.2	66.31	9	9
2023-07-24 04:25:45 	1381	21.8	68.21	21.2	66.36	9	9
2023-07-24 04:26:14 	1382	21.8	68.2	21.2	66.38	9	9
2023-07-24 04:26:46 	1383	21.8	68.2	21.2	66.37	9	9
2023-07-24 04:27:18 	1384	21.8	68.2	21.2	66.4	9	9
2023-07-24 04:27:51 	1385	21.8	68.2	21.2	66.36	9	9
2023-07-24 04:28:30 	1386	21.8	68.2	21.2	66.37	9	9
2023-07-24 04:29:10 	1387	21.8	68.2	21.18	66.34	9	9
2023-07-24 04:29:40 	1388	21.8	68.2	21.2	66.4	9	9
2023-07-24 04:30:17 	1389	21.8	68.14	21.2	66.36	9	9
2023-07-24 04:30:59 	1390	21.8	68.18	21.2	66.39	9	9
2023-07-24 04:31:29 	1391	21.8	68.1	21.2	66.37	9	9
2023-07-24 04:32:01 	1392	21.8	68.1	21.2	66.38	9	9
2023-07-24 04:32:33 	1393	21.8	68.1	21.18	66.37	9	9
2023-07-24 04:33:02 	1394	21.8	68.1	21.2	66.31	9	9
2023-07-24 04:33:35 	1395	21.8	68.1	21.2	66.4	9	9
2023-07-24 04:34:07 	1396	21.8	68.1	21.2	66.4	9	9
2023-07-24 04:34:46 	1397	21.8	68.09	21.2	66.4	9	9
2023-07-24 04:35:21 	1398	21.8	68.08	21.16	66.39	9	9
2023-07-24 04:35:56 	1399	21.8	68.09	21.18	66.4	9	9
2023-07-24 04:36:33 	1400	21.8	68.06	21.18	66.4	9	9
2023-07-24 04:37:02 	1401	21.8	68.0	21.2	66.4	9	9
2023-07-24 04:37:37 	1402	21.81	68.03	21.17	66.41	9	9
2023-07-24 04:38:22 	1403	21.8	68.1	21.14	66.4	9	9
2023-07-24 04:39:02 	1404	21.8	68.1	21.17	66.4	9	9
2023-07-24 04:39:34 	1405	21.8	68.1	21.16	66.41	9	9
2023-07-24 04:40:08 	1406	21.8	68.18	21.16	66.4	9	9
2023-07-24 04:40:40 	1407	21.8	68.2	21.17	66.44	9	9
2023-07-24 04:41:18 	1408	21.8	68.2	21.16	66.44	9	9
2023-07-24 04:42:05 	1409	21.8	68.27	21.18	66.42	9	9
2023-07-24 04:42:42 	1410	21.8	68.3	21.2	66.47	9	9
2023-07-24 04:43:12 	1411	21.8	68.26	21.18	66.46	9	9
2023-07-24 04:43:46 	1412	21.8	68.24	21.2	66.44	9	9
2023-07-24 04:44:31 	1413	21.8	68.3	21.19	66.48	9	9
2023-07-24 04:45:03 	1414	21.8	68.3	21.18	66.47	9	9
2023-07-24 04:45:33 	1415	21.8	68.3	21.2	66.44	9	9
2023-07-24 04:46:02 	1416	21.8	68.24	21.2	66.47	9	9
2023-07-24 04:46:32 	1417	21.8	68.24	21.2	66.46	9	9
2023-07-24 04:47:07 	1418	21.8	68.3	21.2	66.44	9	9
2023-07-24 04:47:44 	1419	21.8	68.3	21.2	66.46	9	9
2023-07-24 04:48:21 	1420	21.8	68.27	21.2	66.44	9	9
2023-07-24 04:49:03 	1421	21.8	68.29	21.2	66.42	9	9
2023-07-24 04:49:38 	1422	21.8	68.26	21.2	66.43	9	9
2023-07-24 04:50:08 	1423	21.8	68.2	21.2	66.41	9	9
2023-07-24 04:50:37 	1424	21.8	68.21	21.2	66.41	9	9
2023-07-24 04:51:09 	1425	21.8	68.2	21.2	66.41	9	9
2023-07-24 04:51:44 	1426	21.8	68.2	21.2	66.4	9	9
2023-07-24 04:52:16 	1427	21.8	68.2	21.2	66.41	9	9
2023-07-24 04:52:46 	1428	21.8	68.2	21.2	66.4	9	9
2023-07-24 04:53:23 	1429	21.8	68.2	21.2	66.39	9	9
2023-07-24 04:53:57 	1430	21.8	68.11	21.19	66.42	9	9
2023-07-24 04:54:32 	1431	21.8	68.12	21.2	66.41	9	9
2023-07-24 04:55:07 	1432	21.8	68.13	21.2	66.42	9	9
2023-07-24 04:55:49 	1433	21.8	68.1	21.2	66.41	9	9
2023-07-24 04:56:19 	1434	21.8	68.1	21.2	66.42	9	9
2023-07-24 04:56:51 	1435	21.8	68.1	21.19	66.41	9	9
2023-07-24 04:57:23 	1436	21.8	68.1	21.2	66.4	9	9
2023-07-24 04:58:03 	1437	21.8	68.1	21.19	66.4	9	9
2023-07-24 04:58:35 	1438	21.8	68.1	21.19	66.42	9	9
2023-07-24 04:59:14 	1439	21.8	68.1	21.2	66.41	9	9
2023-07-24 04:59:57 	1440	21.8	68.1	21.18	66.4	9	9
2023-07-24 05:00:34 	1441	21.8	68.1	21.14	66.42	9	9
2023-07-24 05:01:03 	1442	21.8	68.1	21.16	66.43	9	9
2023-07-24 05:01:46 	1443	21.8	68.09	21.14	66.42	9	9
2023-07-24 05:02:23 	1444	21.8	68.1	21.14	66.44	9	9
2023-07-24 05:02:55 	1445	21.8	68.1	21.14	66.4	9	9
2023-07-24 05:03:27 	1446	21.8	68.08	21.19	66.48	9	9
2023-07-24 05:03:59 	1447	21.8	68.04	21.19	66.43	9	9
2023-07-24 05:04:34 	1448	21.8	68.09	21.16	66.47	9	9
2023-07-24 05:05:03 	1449	21.8	68.1	21.11	66.47	9	9
2023-07-24 05:05:38 	1450	21.8	68.1	21.16	66.47	9	9
2023-07-24 05:06:10 	1451	21.8	68.1	21.17	66.5	9	9
2023-07-24 05:06:50 	1452	21.8	68.18	21.17	66.49	9	9
2023-07-24 05:07:27 	1453	21.8	68.21	21.19	66.48	9	9
2023-07-24 05:08:09 	1454	21.8	68.29	21.16	66.5	9	9
2023-07-24 05:08:39 	1455	21.8	68.3	21.18	66.49	9	9
2023-07-24 05:09:16 	1456	21.8	68.3	21.2	66.5	9	9
2023-07-24 05:09:51 	1457	21.8	68.3	21.18	66.49	9	9
2023-07-24 05:10:23 	1458	21.8	68.3	21.19	66.5	9	9
2023-07-24 05:11:03 	1459	21.8	68.36	21.2	66.5	9	9
2023-07-24 05:11:37 	1460	21.8	68.4	21.19	66.5	9	9
2023-07-24 05:12:14 	1461	21.8	68.36	21.19	66.49	9	9
2023-07-24 05:12:52 	1462	21.8	68.31	21.18	66.5	9	9
2023-07-24 05:13:29 	1463	21.8	68.3	21.2	66.46	9	9
2023-07-24 05:14:03 	1464	21.8	68.3	21.2	66.5	9	9
2023-07-24 05:14:38 	1465	21.8	68.3	21.2	66.43	9	9
2023-07-24 05:15:10 	1466	21.8	68.3	21.2	66.49	9	9
2023-07-24 05:15:55 	1467	21.8	68.29	21.2	66.46	9	9
2023-07-24 05:16:25 	1468	21.8	68.2	21.2	66.42	9	9
2023-07-24 05:16:57 	1469	21.8	68.23	21.2	66.41	9	9
2023-07-24 05:17:36 	1470	21.8	68.22	21.16	66.42	9	9
2023-07-24 05:18:14 	1471	21.8	68.2	21.19	66.41	9	9
2023-07-24 05:18:46 	1472	21.8	68.2	21.2	66.48	9	9
2023-07-24 05:19:18 	1473	21.8	68.2	21.2	66.48	9	9
2023-07-24 05:19:52 	1474	21.8	68.2	21.19	66.46	9	9
2023-07-24 05:20:30 	1475	21.8	68.22	21.18	66.48	9	9
2023-07-24 05:20:59 	1476	21.8	68.2	21.2	66.46	9	9
2023-07-24 05:21:39 	1477	21.8	68.12	21.16	66.47	9	9
2023-07-24 05:22:19 	1478	21.8	68.13	21.17	66.49	9	9
2023-07-24 05:22:56 	1479	21.8	68.1	21.18	66.5	9	9
2023-07-24 05:23:25 	1480	21.8	68.11	21.18	66.5	9	9
2023-07-24 05:24:10 	1481	21.8	68.12	21.19	66.5	9	9
2023-07-24 05:24:45 	1482	21.8	68.17	21.16	66.5	9	9
2023-07-24 05:25:19 	1483	21.8	68.13	21.14	66.5	9	9
2023-07-24 05:25:57 	1484	21.8	68.1	21.16	66.5	9	9
2023-07-24 05:26:29 	1485	21.8	68.11	21.16	66.5	9	9
2023-07-24 05:27:08 	1486	21.8	68.14	21.16	66.51	9	9
2023-07-24 05:27:51 	1487	21.8	68.17	21.13	66.5	9	9
2023-07-24 05:28:28 	1488	21.8	68.1	21.11	66.52	9	9
2023-07-24 05:29:05 	1489	21.8	68.11	21.13	66.5	9	9
2023-07-24 05:29:40 	1490	21.8	68.16	21.13	66.51	9	9
2023-07-24 05:30:22 	1491	21.8	68.2	21.14	66.51	9	9
2023-07-24 05:30:57 	1492	21.8	68.2	21.11	66.5	9	9
2023-07-24 05:31:44 	1493	21.8	68.21	21.17	66.5	9	9
2023-07-24 05:32:29 	1494	21.8	68.22	21.16	66.51	9	9
2023-07-24 05:33:08 	1495	21.8	68.24	21.17	66.5	9	9
2023-07-24 05:33:46 	1496	21.8	68.39	21.2	66.56	9	9
2023-07-24 05:34:23 	1497	21.8	68.33	21.19	66.57	9	9
2023-07-24 05:34:57 	1498	21.8	68.39	21.2	66.53	9	9
2023-07-24 05:35:30 	1499	21.8	68.38	21.2	66.56	9	9
2023-07-24 05:36:02 	1500	21.8	68.3	21.2	66.54	9	9
2023-07-24 05:36:36 	1501	21.8	68.32	21.2	66.5	9	9
2023-07-24 05:37:14 	1502	21.8	68.31	21.18	66.53	9	9
2023-07-24 05:37:48 	1503	21.8	68.31	21.19	66.5	9	9
2023-07-24 05:38:28 	1504	21.8	68.3	21.2	66.53	9	9
2023-07-24 05:39:10 	1505	21.8	68.3	21.18	66.5	9	9
2023-07-24 05:40:02 	1506	21.8	68.31	21.18	66.51	9	9
2023-07-24 05:40:52 	1507	21.8	68.26	21.17	66.52	9	9
2023-07-24 05:41:30 	1508	21.8	68.2	21.19	66.5	9	9
2023-07-24 05:41:59 	1509	21.8	68.2	21.2	66.5	9	9
2023-07-24 05:42:31 	1510	21.8	68.2	21.19	66.5	9	9
2023-07-24 05:43:03 	1511	21.8	68.2	21.2	66.5	9	9
2023-07-24 05:43:33 	1512	21.8	68.2	21.2	66.49	9	9
2023-07-24 05:44:20 	1513	21.8	68.2	21.2	66.5	9	9
2023-07-24 05:44:52 	1514	21.8	68.2	21.2	66.5	9	9
2023-07-24 05:45:22 	1515	21.8	68.2	21.19	66.5	9	9
2023-07-24 05:45:57 	1516	21.8	68.2	21.2	66.53	9	9
2023-07-24 05:46:34 	1517	21.8	68.18	21.18	66.53	9	9
2023-07-24 05:47:08 	1518	21.8	68.2	21.18	66.53	9	9
2023-07-24 05:47:43 	1519	21.8	68.2	21.2	66.54	9	9
2023-07-24 05:48:20 	1520	21.8	68.2	21.17	66.51	9	9
2023-07-24 05:48:55 	1521	21.8	68.2	21.16	66.52	9	9
2023-07-24 05:49:32 	1522	21.8	68.19	21.17	66.52	9	9
2023-07-24 05:50:07 	1523	21.8	68.2	21.17	66.53	9	9
2023-07-24 05:50:39 	1524	21.8	68.19	21.13	66.52	9	9
2023-07-24 05:51:11 	1525	21.8	68.18	21.11	66.54	9	9
2023-07-24 05:51:56 	1526	21.8	68.2	21.12	66.57	9	9
2023-07-24 05:52:33 	1527	21.8	68.19	21.18	66.52	9	9
2023-07-24 05:53:18 	1528	21.8	68.18	21.14	66.59	9	9
2023-07-24 05:53:47 	1529	21.8	68.19	21.12	66.56	9	9
2023-07-24 05:54:35 	1530	21.8	68.21	21.12	66.54	9	9
2023-07-24 05:55:07 	1531	21.8	68.21	21.12	66.57	9	9
2023-07-24 05:55:39 	1532	21.8	68.27	21.18	66.54	9	9
2023-07-24 05:56:21 	1533	21.8	68.3	21.17	66.52	9	9
2023-07-24 05:56:51 	1534	21.8	68.4	21.12	66.6	9	9
2023-07-24 05:57:25 	1535	21.8	68.31	21.17	66.6	9	9
2023-07-24 05:58:03 	1536	21.8	68.36	21.2	66.6	9	9
2023-07-24 05:58:32 	1537	21.8	68.39	21.2	66.59	9	9
2023-07-24 05:59:02 	1538	21.8	68.4	21.2	66.6	9	9
2023-07-24 05:59:44 	1539	21.8	68.37	21.2	66.6	9	9
2023-07-24 06:00:21 	1540	21.8	68.37	21.19	66.6	9	9
2023-07-24 06:00:51 	1541	21.8	68.3	21.19	66.6	9	9
2023-07-24 06:01:23 	1542	21.8	68.3	21.19	66.54	9	9
2023-07-24 06:02:00 	1543	21.8	68.3	21.2	66.58	9	9
2023-07-24 06:02:42 	1544	21.8	68.32	21.2	66.6	9	9
2023-07-24 06:03:12 	1545	21.8	68.34	21.2	66.6	9	9
2023-07-24 06:03:46 	1546	21.8	68.3	21.2	66.57	9	9
2023-07-24 06:04:24 	1547	21.8	68.3	21.19	66.57	9	9
2023-07-24 06:05:03 	1548	21.8	68.3	21.19	66.57	9	9
2023-07-24 06:05:43 	1549	21.8	68.3	21.2	66.59	9	9
2023-07-24 06:06:13 	1550	21.8	68.28	21.2	66.5	9	9
2023-07-24 06:06:47 	1551	21.8	68.23	21.2	66.53	9	9
2023-07-24 06:07:27 	1552	21.8	68.21	21.19	66.51	9	9
2023-07-24 06:08:12 	1553	21.8	68.29	21.18	66.57	9	9
2023-07-24 06:08:46 	1554	21.8	68.23	21.18	66.58	9	9
2023-07-24 06:09:16 	1555	21.8	68.2	21.16	66.58	9	9
2023-07-24 06:09:53 	1556	21.8	68.2	21.18	66.56	9	9
2023-07-24 06:10:25 	1557	21.8	68.2	21.13	66.53	9	9
2023-07-24 06:11:03 	1558	21.8	68.2	21.16	66.57	9	9
2023-07-24 06:11:40 	1559	21.8	68.2	21.13	66.6	9	9
2023-07-24 06:12:09 	1560	21.8	68.2	21.2	66.6	9	9
2023-07-24 06:12:41 	1561	21.8	68.2	21.19	66.62	9	9
2023-07-24 06:13:16 	1562	21.8	68.2	21.17	66.58	9	9
2023-07-24 06:13:51 	1563	21.8	68.2	21.17	66.58	9	9
2023-07-24 06:14:20 	1564	21.8	68.2	21.19	66.6	9	9
2023-07-24 06:14:52 	1565	21.8	68.2	21.18	66.59	9	9
2023-07-24 06:15:22 	1566	21.8	68.2	21.18	66.6	9	9
2023-07-24 06:15:54 	1567	21.8	68.2	21.18	66.6	9	9
2023-07-24 06:16:26 	1568	21.8	68.2	21.18	66.6	9	9
2023-07-24 06:17:01 	1569	21.8	68.2	21.14	66.64	9	9
2023-07-24 06:17:36 	1570	21.8	68.2	21.13	66.68	9	9
2023-07-24 06:18:10 	1571	21.8	68.2	21.13	66.67	9	9
2023-07-24 06:18:42 	1572	21.8	68.24	21.11	66.68	9	9
2023-07-24 06:19:12 	1573	21.8	68.31	21.14	66.69	9	9
2023-07-24 06:19:42 	1574	21.8	68.4	21.16	66.63	9	9
2023-07-24 06:20:21 	1575	21.8	68.41	21.11	66.7	9	9
2023-07-24 06:21:03 	1576	21.8	68.51	21.13	66.7	9	9
2023-07-24 06:21:38 	1577	21.8	68.5	21.16	66.7	9	9
2023-07-24 06:22:10 	1578	21.8	68.5	21.17	66.69	9	9
2023-07-24 06:23:03 	1579	21.8	68.48	21.17	66.7	9	9
2023-07-24 06:23:35 	1580	21.8	68.5	21.2	66.7	9	9
2023-07-24 06:24:19 	1581	21.8	68.44	21.19	66.7	9	9
2023-07-24 06:24:52 	1582	21.8	68.4	21.18	66.7	9	9
2023-07-24 06:25:26 	1583	21.8	68.39	21.2	66.69	9	9
2023-07-24 06:26:06 	1584	21.8	68.3	21.2	66.68	9	9
2023-07-24 06:26:58 	1585	21.8	68.3	21.18	66.7	9	9
2023-07-24 06:27:43 	1586	21.8	68.31	21.19	66.7	9	9
2023-07-24 06:28:15 	1587	21.8	68.32	21.19	66.69	9	9
2023-07-24 06:28:52 	1588	21.8	68.37	21.19	66.67	9	9
2023-07-24 06:29:27 	1589	21.8	68.32	21.19	66.7	9	9
2023-07-24 06:30:07 	1590	21.8	68.32	21.2	66.69	9	9
2023-07-24 06:30:39 	1591	21.8	68.34	21.19	66.7	9	9
2023-07-24 06:31:24 	1592	21.8	68.4	21.19	66.69	9	9
2023-07-24 06:32:03 	1593	21.8	68.39	21.2	66.7	9	9
2023-07-24 06:32:38 	1594	21.8	68.4	21.19	66.7	9	9
2023-07-24 06:33:18 	1595	21.8	68.4	21.2	66.7	9	9
2023-07-24 06:34:02 	1596	21.8	68.4	21.19	66.7	9	9
2023-07-24 06:34:45 	1597	21.8	68.42	21.19	66.7	9	9
2023-07-24 06:35:30 	1598	21.8	68.42	21.2	66.69	9	9
2023-07-24 06:35:59 	1599	21.8	68.4	21.2	66.7	9	9
2023-07-24 06:36:36 	1600	21.8	68.4	21.2	66.69	9	9
2023-07-24 06:37:21 	1601	21.8	68.31	21.2	66.7	9	9
2023-07-24 06:37:53 	1602	21.8	68.3	21.2	66.7	9	9
2023-07-24 06:38:28 	1603	21.8	68.3	21.17	66.7	9	9
2023-07-24 06:39:00 	1604	21.8	68.3	21.18	66.7	9	9
2023-07-24 06:39:47 	1605	21.8	68.3	21.17	66.76	9	9
2023-07-24 06:40:19 	1606	21.8	68.3	21.18	66.74	9	9
2023-07-24 06:41:12 	1607	21.8	68.3	21.14	66.78	9	9
2023-07-24 06:41:54 	1608	21.8	68.3	21.19	66.8	9	9
2023-07-24 06:42:29 	1609	21.8	68.3	21.19	66.78	9	9
2023-07-24 06:43:16 	1610	21.8	68.3	21.13	66.8	9	9
2023-07-24 06:43:53 	1611	21.8	68.3	21.16	66.82	9	9
2023-07-24 06:44:23 	1612	21.8	68.3	21.14	66.82	9	9
2023-07-24 06:44:52 	1613	21.8	68.32	21.19	66.82	9	9
2023-07-24 06:45:22 	1614	21.8	68.37	21.19	66.8	9	9
2023-07-24 06:45:57 	1615	21.8	68.4	21.18	66.79	9	9
2023-07-24 06:46:34 	1616	21.8	68.4	21.2	66.78	9	9
2023-07-24 06:47:08 	1617	21.8	68.4	21.17	66.77	9	9
2023-07-24 06:47:46 	1618	21.8	68.4	21.2	66.78	9	9
2023-07-24 06:48:18 	1619	21.8	68.4	21.19	66.76	9	9
2023-07-24 06:48:47 	1620	21.8	68.4	21.2	66.74	9	9
2023-07-24 06:49:17 	1621	21.8	68.4	21.2	66.76	9	9
2023-07-24 06:50:12 	1622	21.8	68.34	21.2	66.73	9	9
2023-07-24 06:50:54 	1623	21.8	68.39	21.19	66.79	9	9
2023-07-24 06:51:26 	1624	21.8	68.31	21.2	66.79	9	9
2023-07-24 06:52:06 	1625	21.8	68.3	21.19	66.77	9	9
2023-07-24 06:52:48 	1626	21.8	68.39	21.2	66.73	9	9
2023-07-24 06:53:25 	1627	21.8	68.32	21.2	66.72	9	9
2023-07-24 06:53:57 	1628	21.8	68.3	21.19	66.72	9	9
2023-07-24 06:54:37 	1629	21.8	68.37	21.2	66.7	9	9
2023-07-24 06:55:17 	1630	21.8	68.37	21.2	66.71	9	9
2023-07-24 06:55:51 	1631	21.8	68.31	21.19	66.71	9	9
2023-07-24 06:56:31 	1632	21.8	68.32	21.2	66.7	9	9
2023-07-24 06:57:06 	1633	21.8	68.3	21.2	66.72	9	9
2023-07-24 06:57:38 	1634	21.8	68.3	21.2	66.72	9	9
2023-07-24 06:58:10 	1635	21.8	68.3	21.2	66.73	9	9
2023-07-24 06:58:42 	1636	21.8	68.3	21.2	66.72	9	9
2023-07-24 06:59:12 	1637	21.8	68.3	21.2	66.71	9	9
2023-07-24 06:59:44 	1638	21.8	68.3	21.19	66.7	9	9
2023-07-24 07:00:13 	1639	21.8	68.3	21.2	66.7	9	9
2023-07-24 07:00:46 	1640	21.8	68.3	21.19	66.73	9	9
2023-07-24 07:01:18 	1641	21.8	68.3	21.2	66.73	9	9
2023-07-24 07:01:52 	1642	21.8	68.3	21.18	66.77	9	9
2023-07-24 07:02:24 	1643	21.8	68.3	21.18	66.71	9	9
2023-07-24 07:02:59 	1644	21.8	68.3	21.18	66.8	9	9
2023-07-24 07:03:52 	1645	21.8	68.3	21.18	66.8	9	9
2023-07-24 07:04:44 	1646	21.8	68.3	21.16	66.8	9	9
2023-07-24 07:05:16 	1647	21.8	68.37	21.18	66.8	9	9
2023-07-24 07:05:51 	1648	21.8	68.37	21.14	66.79	9	9
2023-07-24 07:06:23 	1649	21.8	68.39	21.16	66.79	9	9
2023-07-24 07:06:58 	1650	21.8	68.37	21.17	66.79	9	9
2023-07-24 07:07:40 	1651	21.8	68.41	21.18	66.84	9	9
2023-07-24 07:08:17 	1652	21.8	68.59	21.13	67.09	9	9
2023-07-24 07:08:52 	1653	21.8	69.02	21.17	67.49	9	9
2023-07-24 07:09:24 	1654	21.8	68.71	21.12	67.19	9	9
2023-07-24 07:10:01 	1655	21.73	68.27	21.1	66.7	9	9
2023-07-24 07:10:36 	1656	21.63	68.06	21.07	66.36	9	9
2023-07-24 07:11:18 	1657	21.51	68.01	20.98	66.17	9	9
2023-07-24 07:12:00 	1658	21.37	67.8	20.87	65.99	9	9
2023-07-24 07:12:32 	1659	21.3	67.99	20.7	66.2	9	9
2023-07-24 07:13:02 	1660	21.26	68.12	20.63	66.32	9	9
2023-07-24 07:13:39 	1661	21.21	68.29	20.6	66.61	9	9
2023-07-24 07:14:11 	1662	21.2	68.29	20.6	66.72	9	9
2023-07-24 07:14:48 	1663	21.2	68.23	20.57	66.73	9	9
2023-07-24 07:15:21 	1664	21.2	68.2	20.51	66.73	9	9
2023-07-24 07:15:55 	1665	21.19	68.22	20.5	66.8	9	9
2023-07-24 07:16:30 	1666	21.18	68.4	20.5	66.93	9	9
2023-07-24 07:17:04 	1667	21.2	68.28	20.5	66.89	9	9
2023-07-24 07:17:47 	1668	21.18	68.0	20.5	66.66	9	9
2023-07-24 07:18:24 	1669	21.14	67.74	20.5	66.4	9	9
2023-07-24 07:18:59 	1670	21.11	67.91	20.5	66.44	9	9
2023-07-24 07:19:33 	1671	21.12	67.96	20.5	66.5	9	9
2023-07-24 07:20:13 	1672	21.18	67.83	20.5	66.48	9	9
2023-07-24 07:20:50 	1673	21.21	67.8	20.5	66.43	9	9
2023-07-24 07:21:25 	1674	21.24	67.68	20.5	66.39	9	9
2023-07-24 07:21:57 	1675	21.28	67.67	20.5	66.36	9	9
2023-07-24 07:22:29 	1676	21.3	67.6	20.56	66.29	9	9
2023-07-24 07:23:01 	1677	21.3	67.54	20.6	66.2	9	9
2023-07-24 07:23:43 	1678	21.3	67.5	20.6	66.19	9	9
2023-07-24 07:24:21 	1679	21.31	67.44	20.6	66.08	9	9
